0 0 
0.1 -56.585769 
0.2 -51.96338 
0.3 -49.076867 
0.4 -44.650598 
0.5 -40.818392 
0.6 -38.271144 
0.7 -33.333608 
0.8 -31.99073 
0.9 -29.510249 
1 -29.02947 
1.1 -28.568537 
1.2 -27.07537 
1.3 -26.167657 
1.4 -23.498979 
1.5 -22.214326 
1.6 -20.302865 
1.7 -19.431399 
1.8 -20.332532 
1.9 -18.956459 
2 -19.496326 
2.1 -18.561828 
2.2 -17.855468 
2.3 -17.681788 
2.4 -17.407306 
2.5 -17.402644 
2.6 -16.363633 
2.7 -16.543146 
2.8 -16.835134 
2.9 -16.428948 
3 -17.40188 
3.1 -17.132329 
3.2 -17.750988 
3.3 -17.343905 
3.4 -18.000604 
3.5 -18.608546 
3.6 -19.089987 
3.7 -19.127688 
3.8 -17.989622 
3.9 -17.279543 
4 -16.867847 
4.1 -16.574139 
4.2 -16.46149 
4.3 -17.052547 
4.4 -16.147314 
4.5 -15.816303 
4.6 -15.158086 
4.7 -15.372799 
4.8 -14.920864 
4.9 -13.817104 
5 -13.67537 
5.1 -12.930371 
5.2 -13.828073 
5.3 -13.95343 
5.4 -14.757042 
5.5 -14.746134 
5.6 -14.662523 
5.7 -13.937734 
5.8 -13.547158 
5.9 -13.511035 
6 -14.554414 
6.1 -13.998807 
6.2 -13.528141 
6.3 -12.935074 
6.4 -12.79409 
6.5 -12.504113 
6.6 -12.111613 
6.7 -11.689442 
6.8 -12.124939 
6.9 -12.349508 
7 -12.276621 
7.1 -12.508638 
7.2 -12.135656 
7.3 -12.609714 
7.4 -13.062185 
7.5 -14.205647 
7.6 -14.254119 
7.7 -14.638508 
7.8 -15.078314 
7.9 -16.081578 
8 -15.555612 
8.1 -15.018593 
8.2 -14.851324 
8.3 -14.411896 
8.4 -14.197519 
8.5 -13.77192 
8.6 -13.901134 
8.7 -14.082162 
8.8 -13.911889 
8.9 -13.249057 
9 -12.525578 
9.1 -11.865705 
9.2 -13.00898 
9.3 -12.251213 
9.4 -12.066291 
9.5 -12.037521 
9.6 -11.697035 
9.7 -12.168376 
9.8 -11.766331 
9.9 -11.038731 
10 -10.881223 
10.1 -10.707471 
10.2 -11.165193 
10.3 -11.943169 
10.4 -12.365492 
10.5 -12.690423 
10.6 -13.288384 
10.7 -14.049515 
10.8 -13.897006 
10.9 -13.735521 
11 -14.058073 
11.1 -13.331764 
11.2 -13.497839 
11.3 -13.258929 
11.4 -13.665653 
11.5 -14.108389 
11.6 -13.591661 
11.7 -13.661168 
11.8 -13.44818 
11.9 -13.186482 
12 -12.950953 
12.1 -12.538197 
12.2 -11.812635 
12.3 -11.717146 
12.4 -11.543499 
12.5 -11.487548 
12.6 -11.325263 
12.7 -10.635733 
12.8 -10.995719 
12.9 -11.078207 
13 -11.202205 
13.1 -11.7976 
13.2 -12.241012 
13.3 -12.611977 
13.4 -12.324235 
13.5 -12.23395 
13.6 -11.958103 
13.7 -11.80662 
13.8 -12.37673 
13.9 -11.979976 
14 -12.167618 
14.1 -12.510001 
14.2 -12.984796 
14.3 -12.744621 
14.4 -12.085421 
14.5 -12.578273 
14.6 -12.335859 
14.7 -12.409805 
14.8 -12.485641 
14.9 -12.854723 
15 -12.097467 
15.1 -11.806838 
15.2 -12.195634 
15.3 -11.953262 
15.4 -12.07534 
15.5 -12.064644 
15.6 -12.126057 
15.7 -12.504914 
15.8 -13.026124 
15.9 -13.370865 
16 -12.937462 
16.1 -13.215683 
16.2 -12.793598 
16.3 -12.842167 
16.4 -12.160651 
16.5 -12.024051 
16.6 -12.323468 
16.7 -12.180771 
16.8 -12.652532 
16.9 -13.403453 
17 -13.357106 
17.1 -13.712723 
17.2 -13.333706 
17.3 -13.819018 
17.4 -12.465466 
17.5 -12.399878 
17.6 -11.837688 
17.7 -11.1679 
17.8 -11.123987 
17.9 -11.277617 
18 -11.643186 
18.1 -11.255347 
18.2 -11.414478 
18.3 -10.809032 
18.4 -10.284107 
18.5 -10.743629 
18.6 -10.517736 
18.7 -10.189902 
18.8 20 
18.9 -10.149746 
19 -56.745877 
19.1 -52.931797 
19.2 -52.852396 
19.3 -48.074887 
19.4 -45.309706 
19.5 -43.941174 
19.6 -40.512118 
19.7 -37.002423 
19.8 -35.125858 
19.9 -34.099292 
20 -32.081595 
20.1 -31.949795 
20.2 -30.718603 
20.3 -28.894142 
20.4 -28.870333 
20.5 -28.43288 
20.6 -24.975372 
20.7 -23.950527 
20.8 -24.224679 
20.9 -22.612276 
21 -21.145121 
21.1 -20.656027 
21.2 -20.200271 
21.3 -20.025752 
21.4 -20.179959 
21.5 -18.966869 
21.6 -18.401586 
21.7 -18.396997 
21.8 -18.102281 
21.9 -17.908891 
22 -16.332665 
22.1 -16.438169 
22.2 -15.912412 
22.3 -15.683487 
22.4 -14.221059 
22.5 -13.594508 
22.6 -14.028999 
22.7 -14.744377 
22.8 -14.26451 
22.9 -14.318953 
23 -13.927853 
23.1 -13.753438 
23.2 -14.317512 
23.3 -14.185281 
23.4 -13.942887 
23.5 -13.783251 
23.6 -13.418455 
23.7 -12.845922 
23.8 -12.474287 
23.9 -12.814518 
24 -13.148394 
24.1 -13.460166 
24.2 -13.744362 
24.3 -14.731481 
24.4 -14.418515 
24.5 -14.227084 
24.6 -14.157261 
24.7 -14.159833 
24.8 -14.027687 
24.9 -13.742667 
25 -13.117715 
25.1 -13.276703 
25.2 -13.17074 
25.3 -13.334891 
25.4 -13.414001 
25.5 -12.713411 
25.6 -13.344533 
25.7 -13.404947 
25.8 -13.305255 
25.9 -12.812302 
26 -11.419485 
26.1 -11.7133 
26.2 -12.617256 
26.3 -13.758137 
26.4 -13.747317 
26.5 -13.139802 
26.6 -13.07014 
26.7 -11.850749 
26.8 -11.833036 
26.9 -18.24204 
27 -17.132283 
27.1 -17.647736 
27.2 -17.042704 
27.3 -17.523172 
27.4 -16.436667 
27.5 -15.694696 
27.6 -15.336099 
27.7 -14.872134 
27.8 -15.628021 
27.9 -16.051846 
28 -15.844154 
28.1 -15.89587 
28.2 -16.701963 
28.3 -15.906604 
28.4 -17.01741 
28.5 -16.616995 
28.6 -16.368748 
28.7 -16.095443 
28.8 -16.204062 
28.9 -15.981949 
29 -14.717238 
29.1 -15.126693 
29.2 -14.259389 
29.3 -14.399273 
29.4 -14.257535 
29.5 -14.188134 
29.6 -14.452525 
29.7 -14.679343 
29.8 -14.720987 
29.9 -15.824022 
30 -15.2351 
30.1 -14.982954 
30.2 -17.061734 
30.3 -16.458413 
30.4 -16.402109 
30.5 -16.269154 
30.6 -16.128188 
30.7 -16.608343 
30.8 -16.096446 
30.9 -16.134476 
31 -16.505114 
31.1 -16.683491 
31.2 -15.349915 
31.3 -14.179963 
31.4 -14.229801 
31.5 -13.649684 
31.6 -15.288949 
31.7 -15.571292 
31.8 -15.454787 
31.9 -14.984683 
32 -14.711846 
32.1 -15.021519 
32.2 -15.776836 
32.3 -15.739353 
32.4 -15.823946 
32.5 -17.258271 
32.6 -16.889861 
32.7 -16.662425 
32.8 -16.551162 
32.9 -16.69187 
33 -16.384366 
33.1 -16.509767 
33.2 -16.6303 
33.3 -16.308269 
33.4 -16.576101 
33.5 -16.337163 
33.6 -16.312665 
33.7 -15.405419 
33.8 -16.219699 
33.9 -15.73696 
34 -15.310099 
34.1 -14.301506 
34.2 -14.091657 
34.3 -13.925781 
34.4 -15.451309 
34.5 -15.486921 
34.6 -14.768618 
34.7 -14.879661 
34.8 -14.665548 
34.9 -15.078496 
35 -14.915249 
35.1 -14.612444 
35.2 -14.553438 
35.3 -14.249762 
35.4 -14.359504 
35.5 -14.360917 
35.6 -14.731119 
35.7 -13.759505 
35.8 -13.680864 
35.9 -13.780608 
36 -13.259598 
36.1 -13.726076 
36.2 -14.109196 
36.3 -13.734088 
36.4 -13.610668 
36.5 -13.288253 
36.6 -12.967631 
36.7 -13.390704 
36.8 -12.543892 
36.9 -12.387863 
37 -12.157531 
37.1 -11.829493 
37.2 -12.238295 
37.3 -12.825749 
37.4 -12.85333 
37.5 -12.740976 
37.6 -13.460432 
37.7 -13.43281 
37.8 -14.274783 
37.9 -13.690338 
38 -13.732651 
38.1 -12.87688 
38.2 -12.816538 
38.3 -12.042715 
38.4 -11.860243 
38.5 -11.757936 
38.6 -12.636438 
38.7 -12.871875 
38.8 -14.186189 
38.9 -14.409601 
39 -14.775449 
39.1 -15.132545 
39.2 -15.397492 
39.3 -15.46019 
39.4 -15.186346 
39.5 -15.151262 
39.6 -13.958465 
39.7 -15.004398 
39.8 -14.478663 
39.9 -14.834369 
40 -13.714296 
40.1 -13.363883 
40.2 -13.513759 
40.3 -12.45503 
40.4 -12.539652 
40.5 -12.452928 
40.6 -12.944439 
40.7 -14.334443 
40.8 -14.501626 
40.9 -13.856347 
41 -14.848303 
41.1 -13.87674 
41.2 -12.715335 
41.3 -12.750046 
41.4 -13.058901 
41.5 -13.208049 
41.6 -13.378544 
41.7 -12.721594 
41.8 -13.246323 
41.9 -13.356342 
42 -14.020345 
42.1 -13.175238 
42.2 -12.788833 
42.3 -12.597354 
42.4 -12.882397 
42.5 -12.773452 
42.6 -13.139029 
42.7 -12.898717 
42.8 -12.580033 
42.9 -12.926489 
43 -11.787523 
43.1 -11.582869 
43.2 -12.285612 
43.3 -13.133174 
43.4 -12.719324 
43.5 -12.828105 
43.6 -12.197572 
43.7 -11.664826 
43.8 -18.0321 
43.9 -17.150572 
44 -16.823595 
44.1 -16.546172 
44.2 -16.569089 
44.3 -16.729721 
44.4 -16.679568 
44.5 -16.822153 
44.6 -16.370368 
44.7 -16.029042 
44.8 -16.513409 
44.9 -17.813437 
45 -17.575758 
45.1 -18.048844 
45.2 -16.380286 
45.3 -17.060113 
45.4 -17.28725 
45.5 -16.38409 
45.6 -15.967841 
45.7 -15.924107 
45.8 -15.389866 
45.9 -14.993428 
46 -15.956245 
46.1 -16.305279 
46.2 -16.269876 
46.3 -15.984395 
46.4 -15.958403 
46.5 -15.138828 
46.6 -15.112631 
46.7 -15.139024 
46.8 -14.935204 
46.9 -15.033029 
47 -14.85037 
47.1 -13.495029 
47.2 -14.064621 
47.3 -14.314641 
47.4 -14.620914 
47.5 -14.746588 
47.6 -15.18453 
47.7 -15.026742 
47.8 -14.535863 
47.9 -14.370928 
48 -14.947603 
48.1 -15.165311 
48.2 -15.343266 
48.3 -15.259813 
48.4 -15.272008 
48.5 -14.594753 
48.6 -14.867393 
48.7 -14.017816 
48.8 -13.435716 
48.9 -13.146608 
49 -12.853741 
49.1 -12.465687 
49.2 -12.713326 
49.3 -13.006188 
49.4 -12.036733 
49.5 -12.00366 
49.6 -11.336012 
49.7 -11.336964 
49.8 -11.721294 
49.9 -12.420587 
50 -12.693442 
50.1 -12.636731 
50.2 -12.471424 
50.3 -12.06365 
50.4 -12.373742 
50.5 -12.316653 
50.6 -12.303736 
50.7 -12.624357 
50.8 -12.647646 
50.9 -13.059814 
51 -13.298513 
51.1 -19.732008 
51.2 -19.728748 
51.3 -19.66785 
51.4 -19.295324 
51.5 -19.674999 
51.6 -19.171584 
51.7 -18.429127 
51.8 -19.364984 
51.9 -18.001865 
52 -17.039155 
52.1 -16.606851 
52.2 -15.555453 
52.3 -15.403398 
52.4 -15.47976 
52.5 -14.825361 
52.6 -15.125642 
52.7 -16.089347 
52.8 -17.138553 
52.9 -16.518131 
53 -16.918839 
53.1 -16.197104 
53.2 -15.627933 
53.3 -15.364039 
53.4 -16.214204 
53.5 -16.204031 
53.6 -15.06934 
53.7 -15.781958 
53.8 -14.868421 
53.9 -15.23343 
54 -15.151755 
54.1 -15.799965 
54.2 -16.564705 
54.3 -16.759071 
54.4 -17.508065 
54.5 -17.541125 
54.6 -17.543757 
54.7 -17.289462 
54.8 -16.52943 
54.9 -15.866729 
55 -15.311869 
55.1 -15.808034 
55.2 -16.119384 
55.3 -15.702806 
55.4 -15.670512 
55.5 -14.904696 
55.6 -14.17198 
55.7 -14.638382 
55.8 -14.529991 
55.9 -14.532618 
56 -13.64173 
56.1 -12.972761 
56.2 -12.178555 
56.3 -11.163892 
56.4 -11.208923 
56.5 -11.531183 
56.6 -11.914095 
56.7 -11.784436 
56.8 -11.608514 
56.9 -12.770728 
57 -13.458611 
57.1 -12.995983 
57.2 -12.530607 
57.3 -12.978376 
57.4 -12.545039 
57.5 -12.958026 
57.6 -12.818653 
57.7 -13.162895 
57.8 -12.21188 
57.9 -12.303594 
58 -11.698636 
58.1 -12.421173 
58.2 -12.343519 
58.3 -12.916619 
58.4 -13.629463 
58.5 -14.393615 
58.6 -14.155772 
58.7 -14.584805 
58.8 -14.692434 
58.9 -13.964209 
59 -13.623945 
59.1 -13.186069 
59.2 -13.824267 
59.3 -13.198528 
59.4 -14.369418 
59.5 -15.203769 
59.6 -15.840557 
59.7 -16.162734 
59.8 -15.218233 
59.9 -15.393331 
60 -14.998616 
60.1 -14.993559 
60.2 -15.119773 
60.3 -13.969343 
60.4 -14.581176 
60.5 -14.673237 
60.6 -14.941861 
60.7 -14.125644 
60.8 -14.901357 
60.9 -15.135088 
61 -14.902141 
61.1 -15.48836 
61.2 -14.921515 
61.3 -14.927225 
61.4 -14.160412 
61.5 -14.10522 
61.6 -14.089118 
61.7 -14.808663 
61.8 -15.916681 
61.9 -16.678124 
62 -16.784607 
62.1 -17.96631 
62.2 -17.470222 
62.3 -17.150611 
62.4 -15.97702 
62.5 -15.558921 
62.6 -14.517185 
62.7 -13.95015 
62.8 -15.397798 
62.9 -14.180042 
63 -14.211769 
63.1 -13.866097 
63.2 -13.735088 
63.3 -14.024725 
63.4 -14.237932 
63.5 -14.995859 
63.6 -14.690712 
63.7 -15.10282 
63.8 -14.321962 
63.9 -14.129998 
64 -13.405333 
64.1 -12.892683 
64.2 -13.679376 
64.3 -13.497394 
64.4 -13.386324 
64.5 -12.485621 
64.6 -12.928543 
64.7 -12.377741 
64.8 -12.704174 
64.9 -13.13832 
65 -13.365035 
65.1 -13.524788 
65.2 -13.65301 
65.3 -13.386184 
65.4 -13.169745 
65.5 -13.38751 
65.6 -12.667587 
65.7 -12.784204 
65.8 -12.79799 
65.9 -13.159397 
66 -13.213092 
66.1 -13.028485 
66.2 -12.582241 
66.3 -12.778094 
66.4 -12.214412 
66.5 -12.776305 
66.6 -13.123672 
66.7 -13.104381 
66.8 -12.596773 
66.9 -12.565457 
67 -13.046423 
67.1 -13.017571 
67.2 -12.981488 
67.3 -12.925937 
67.4 -12.549583 
67.5 -12.833478 
67.6 -13.667972 
67.7 -13.97975 
67.8 -14.490509 
67.9 -14.226303 
68 -14.341775 
68.1 -14.345063 
68.2 -13.905561 
68.3 -13.863036 
68.4 -13.451351 
68.5 -12.920522 
68.6 -12.509136 
68.7 -12.081067 
68.8 -11.863254 
68.9 -11.90681 
69 -12.160928 
69.1 -12.367219 
69.2 -12.599036 
69.3 -12.831075 
69.4 -12.401423 
69.5 -11.98904 
69.6 -11.742503 
69.7 -11.483715 
69.8 -11.105477 
69.9 -11.501187 
70 -11.834365 
70.1 -11.441072 
70.2 -11.791415 
70.3 -12.178692 
70.4 -12.079375 
70.5 -11.749007 
70.6 -11.361685 
70.7 -11.303072 
70.8 -12.096793 
70.9 -11.732841 
71 -11.632398 
71.1 -11.068352 
71.2 -11.523799 
71.3 -12.008788 
71.4 -12.117252 
71.5 -12.7911 
71.6 -12.870244 
71.7 -12.372567 
71.8 -12.719444 
71.9 -13.032375 
72 -13.005015 
72.1 -12.629157 
72.2 -12.875539 
72.3 -12.209109 
72.4 -12.406372 
72.5 -11.949882 
72.6 -12.344013 
72.7 -12.616125 
72.8 -12.124586 
72.9 -11.651645 
73 -12.026236 
73.1 -12.254601 
73.2 -13.233637 
73.3 -13.684746 
73.4 -13.096148 
73.5 -13.514683 
73.6 -12.604333 
73.7 -12.022284 
73.8 -11.367916 
73.9 -11.640629 
74 -11.717816 
74.1 -12.136134 
74.2 -12.115944 
74.3 -12.567358 
74.4 -11.847908 
74.5 -11.447618 
74.6 -11.371377 
74.7 -11.577275 
74.8 -11.776741 
74.9 -10.81134 
75 -10.158432 
75.1 20 
75.2 -9.6313355 
75.3 -58.033281 
75.4 -56.654615 
75.5 -51.955844 
75.6 -47.849874 
75.7 -47.015998 
75.8 -44.085366 
75.9 -40.482713 
76 -39.50711 
76.1 -37.454072 
76.2 -37.335792 
76.3 -36.098062 
76.4 -35.227834 
76.5 -35.167625 
76.6 -32.664456 
76.7 -29.962752 
76.8 -27.108713 
76.9 -27.332449 
77 -25.849865 
77.1 -22.868575 
77.2 -21.981893 
77.3 -21.359903 
77.4 -22.043764 
77.5 -20.962647 
77.6 -19.883061 
77.7 -18.687434 
77.8 -18.455732 
77.9 -18.987265 
78 -18.25077 
78.1 -17.352349 
78.2 -16.909365 
78.3 -16.824677 
78.4 -16.931194 
78.5 -17.614626 
78.6 -17.407216 
78.7 -17.268939 
78.8 -17.359852 
78.9 -17.005455 
79 -17.325685 
79.1 -16.360127 
79.2 -15.962402 
79.3 -16.793465 
79.4 -16.426465 
79.5 -16.103223 
79.6 -17.049988 
79.7 -17.588116 
79.8 -18.354806 
79.9 -17.774642 
80 -17.451969 
80.1 -17.351211 
80.2 -16.506157 
80.3 -16.53364 
80.4 -15.621446 
80.5 -16.055902 
80.6 -15.683773 
80.7 -15.470861 
80.8 -15.333426 
80.9 -14.424148 
81 -14.131429 
81.1 -14.126545 
81.2 -13.590361 
81.3 -13.002771 
81.4 -12.771779 
81.5 -13.306707 
81.6 -12.700495 
81.7 -12.246732 
81.8 -12.37982 
81.9 -12.207075 
82 -12.28999 
82.1 -11.821546 
82.2 -12.530456 
82.3 -11.670951 
82.4 -12.009937 
82.5 -12.543577 
82.6 -13.51157 
82.7 -13.640388 
82.8 -13.602679 
82.9 -13.551602 
83 -13.578481 
83.1 -12.352235 
83.2 -11.979019 
83.3 -12.250131 
83.4 -12.112218 
83.5 -11.875939 
83.6 -12.239685 
83.7 -12.222377 
83.8 -11.76244 
83.9 -12.28859 
84 -11.58518 
84.1 -12.968479 
84.2 -12.878224 
84.3 -13.21882 
84.4 -13.770427 
84.5 -14.151752 
84.6 -13.448671 
84.7 -12.268895 
84.8 -12.725835 
84.9 -12.482134 
85 -12.429494 
85.1 -11.781414 
85.2 -12.145802 
85.3 -12.406901 
85.4 -12.331018 
85.5 -13.005905 
85.6 -12.127 
85.7 -12.656251 
85.8 -12.477827 
85.9 -12.110891 
86 -11.161673 
86.1 -11.568737 
86.2 -12.230449 
86.3 -11.984113 
86.4 -12.198462 
86.5 -12.129472 
86.6 -13.498472 
86.7 -13.242182 
86.8 -13.972807 
86.9 -13.713315 
87 -13.362295 
87.1 -11.984129 
87.2 -12.343526 
87.3 -12.757498 
87.4 -13.796058 
87.5 -14.053499 
87.6 -14.57873 
87.7 -14.752153 
87.8 -14.465526 
87.9 -14.681776 
88 -14.067585 
88.1 -14.250081 
88.2 -13.413735 
88.3 -13.27124 
88.4 -12.777199 
88.5 -12.927266 
88.6 -13.18875 
88.7 -13.615464 
88.8 -13.916361 
88.9 -13.47801 
89 -12.752895 
89.1 -12.383266 
89.2 -12.603686 
89.3 -12.334572 
89.4 -12.341751 
89.5 -12.864254 
89.6 -12.083435 
89.7 -12.4114 
89.8 -12.364544 
89.9 -11.829873 
90 -11.976131 
90.1 -11.445237 
90.2 -11.110929 
90.3 -11.675064 
90.4 -12.085566 
90.5 -12.041045 
90.6 -11.351137 
90.7 -12.192838 
90.8 -12.698626 
90.9 -12.315096 
91 -12.123704 
91.1 -12.220111 
91.2 -11.905132 
91.3 -12.388745 
91.4 -12.883453 
91.5 -13.86517 
91.6 -12.540516 
91.7 -12.46195 
91.8 -12.555618 
91.9 -12.584167 
92 -11.994475 
92.1 -12.427763 
92.2 -12.967106 
92.3 -13.345928 
92.4 -13.64947 
92.5 -12.978226 
92.6 -12.180327 
92.7 -11.373483 
92.8 -12.004104 
92.9 -12.586024 
93 -12.950381 
93.1 -13.491022 
93.2 -13.622436 
93.3 -13.750356 
93.4 -13.842437 
93.5 -13.679193 
93.6 -14.136456 
93.7 -14.191128 
93.8 -13.218742 
93.9 -13.107095 
94 -12.498911 
94.1 -13.332783 
94.2 -13.386691 
94.3 -13.140948 
94.4 -13.519186 
94.5 -13.831504 
94.6 -14.06165 
94.7 -13.987925 
94.8 -13.758103 
94.9 -13.347938 
95 -12.996451 
95.1 -13.118676 
95.2 -12.871741 
95.3 -12.41978 
95.4 -11.913924 
95.5 -12.064867 
95.6 -12.056099 
95.7 -11.673717 
95.8 -11.013171 
95.9 -11.336504 
96 -11.342428 
96.1 -12.637486 
96.2 -13.165994 
96.3 -12.817309 
96.4 -12.280415 
96.5 -12.797189 
96.6 -13.054028 
96.7 -12.275792 
96.8 -11.89519 
96.9 -11.761488 
97 -12.386978 
97.1 -12.390603 
97.2 -12.859316 
97.3 -12.465409 
97.4 -11.906072 
97.5 -11.989616 
97.6 -11.397236 
97.7 -10.722019 
97.8 -10.898743 
97.9 -11.105442 
98 -11.188581 
98.1 -11.911573 
98.2 -11.898282 
98.3 -12.109231 
98.4 -11.786407 
98.5 -11.937221 
98.6 -11.061721 
98.7 -11.097969 
98.8 -11.030254 
98.9 -11.441065 
99 -11.145387 
99.1 -10.889211 
99.2 -10.709631 
99.3 20 
99.4 -9.3566558 
99.5 -57.725138 
99.6 -53.158486 
99.7 -51.743537 
99.8 -48.623801 
99.9 -45.354583 
100 -43.561091 
100.1 -41.257034 
100.2 -39.107326 
100.3 -37.715249 
100.4 -37.145827 
100.5 -35.974221 
100.6 -35.056759 
100.7 -33.682994 
100.8 -33.407494 
100.9 -32.857142 
101 -31.797525 
101.1 -30.500716 
101.2 -27.714238 
101.3 -25.784331 
101.4 -26.318648 
101.5 -26.788619 
101.6 -26.577945 
101.7 -26.076548 
101.8 -25.609687 
101.9 -23.391573 
102 -23.312232 
102.1 -22.040258 
102.2 -21.457677 
102.3 -19.965457 
102.4 -18.925476 
102.5 -19.145082 
102.6 -18.607037 
102.7 -17.510605 
102.8 -17.805589 
102.9 -17.251648 
103 -16.521636 
103.1 -15.104086 
103.2 -14.370382 
103.3 -14.105347 
103.4 -13.61 
103.5 -13.650159 
103.6 -13.525765 
103.7 -13.152321 
103.8 -12.116308 
103.9 -11.932767 
104 -11.478463 
104.1 -10.925612 
104.2 -10.958896 
104.3 -11.813353 
104.4 -11.628943 
104.5 -11.493016 
104.6 -11.304959 
104.7 -11.612289 
104.8 -11.921791 
104.9 -11.568298 
105 -11.835835 
105.1 -12.04827 
105.2 -10.642593 
105.3 -10.634754 
105.4 -12.203688 
105.5 -11.847976 
105.6 -12.871753 
105.7 -12.683487 
105.8 -13.156263 
105.9 -13.408994 
106 -13.090254 
106.1 -12.446139 
106.2 -12.097776 
106.3 -11.418054 
106.4 -12.701302 
106.5 -11.789222 
106.6 -11.760684 
106.7 -11.863818 
106.8 -12.039264 
106.9 -11.474672 
107 -12.306873 
107.1 -13.002597 
107.2 -13.196371 
107.3 -12.907554 
107.4 -12.103575 
107.5 -11.596422 
107.6 -12.255306 
107.7 -13.112074 
107.8 -12.160498 
107.9 -12.505478 
108 -12.262177 
108.1 -12.87528 
108.2 -13.06323 
108.3 -13.157631 
108.4 -11.755133 
108.5 -11.224531 
108.6 -11.638846 
108.7 -11.463387 
108.8 -11.901886 
108.9 -12.268932 
109 -12.452158 
109.1 -12.693934 
109.2 -13.112128 
109.3 -13.52805 
109.4 -14.085315 
109.5 -13.342026 
109.6 -12.756248 
109.7 -13.545905 
109.8 -13.349385 
109.9 -14.112999 
110 -13.06938 
110.1 -13.548436 
110.2 -13.886715 
110.3 -14.003986 
110.4 -14.088857 
110.5 -14.032063 
110.6 -14.132899 
110.7 -13.623182 
110.8 -13.681985 
110.9 -13.009413 
111 -13.903933 
111.1 -14.600422 
111.2 -14.334186 
111.3 -14.81507 
111.4 -13.947341 
111.5 -13.822094 
111.6 -14.172077 
111.7 -14.912699 
111.8 -14.36234 
111.9 -14.693372 
112 -14.545734 
112.1 -14.309017 
112.2 -13.304891 
112.3 -14.436725 
112.4 -14.64882 
112.5 -14.468771 
112.6 -13.141447 
112.7 -12.592855 
112.8 -12.774547 
112.9 -13.135144 
113 -13.081535 
113.1 -12.737326 
113.2 -12.172208 
113.3 -12.273367 
113.4 -12.277661 
113.5 -12.329707 
113.6 -13.339932 
113.7 -13.254428 
113.8 -13.294283 
113.9 -14.14128 
114 -14.389717 
114.1 -14.746783 
114.2 -14.741672 
114.3 -14.947777 
114.4 -14.84736 
114.5 -15.4199 
114.6 -15.456665 
114.7 -14.750815 
114.8 -14.126135 
114.9 -14.074344 
115 -13.656979 
115.1 -14.359104 
115.2 -14.108799 
115.3 -13.321132 
115.4 -12.887649 
115.5 -11.544284 
115.6 -11.199115 
115.7 -10.657901 
115.8 -11.011127 
115.9 -10.846379 
116 20 
116.1 -10.254171 
116.2 -57.423841 
116.3 -54.344983 
116.4 -55.098341 
116.5 -55.28916 
116.6 -52.910091 
116.7 -50.057089 
116.8 -45.503091 
116.9 -43.579972 
117 -42.648036 
117.1 -39.438274 
117.2 -36.48234 
117.3 -34.067442 
117.4 -33.907758 
117.5 -32.221683 
117.6 -30.745689 
117.7 -29.967384 
117.8 -29.257686 
117.9 -28.391352 
118 -27.479365 
118.1 -26.883816 
118.2 -25.029512 
118.3 -24.093031 
118.4 -22.831908 
118.5 -22.020144 
118.6 -21.242652 
118.7 -19.486685 
118.8 -18.908221 
118.9 -18.023954 
119 -17.9683 
119.1 -18.058457 
119.2 -17.670207 
119.3 -16.660567 
119.4 -16.794374 
119.5 -16.839213 
119.6 -16.617775 
119.7 -16.669948 
119.8 -16.797039 
119.9 -15.446692 
120 -15.051831 
120.1 -14.773111 
120.2 -14.845065 
120.3 -14.279962 
120.4 -12.85112 
120.5 -12.264218 
120.6 -12.442708 
120.7 -12.092152 
120.8 -12.641158 
120.9 -12.42948 
121 -12.331652 
121.1 -12.355751 
121.2 -12.016852 
121.3 -12.41687 
121.4 -12.705025 
121.5 -12.172427 
121.6 -10.642452 
121.7 -10.224649 
121.8 20 
121.9 -9.8854383 
122 -59.454133 
122.1 -56.311299 
122.2 -53.976002 
122.3 -50.117335 
122.4 -46.044829 
122.5 -44.798756 
122.6 -42.107587 
122.7 -40.97915 
122.8 -38.982084 
122.9 -35.614029 
123 -33.377513 
123.1 -32.711321 
123.2 -31.437527 
123.3 -30.866478 
123.4 -29.114712 
123.5 -28.412197 
123.6 -27.558105 
123.7 -26.599144 
123.8 -25.658835 
123.9 -24.757945 
124 -23.518812 
124.1 -22.84206 
124.2 -21.567773 
124.3 -20.821173 
124.4 -20.899567 
124.5 -20.874183 
124.6 -20.211173 
124.7 -20.863541 
124.8 -18.423521 
124.9 -18.341431 
125 -17.725302 
125.1 -17.416183 
125.2 -17.033046 
125.3 -16.926949 
125.4 -16.435425 
125.5 -17.439291 
125.6 -17.597246 
125.7 -16.828662 
125.8 -16.048561 
125.9 -15.5329 
126 -15.655073 
126.1 -15.761097 
126.2 -15.071493 
126.3 -14.394088 
126.4 -14.639298 
126.5 -14.704775 
126.6 -14.943496 
126.7 -15.326628 
126.8 -16.190422 
126.9 -15.480553 
127 -14.73533 
127.1 -14.510715 
127.2 -14.827027 
127.3 -14.648389 
127.4 -14.596717 
127.5 -14.054375 
127.6 -15.001202 
127.7 -15.235924 
127.8 -15.048198 
127.9 -15.139909 
128 -14.864763 
128.1 -13.966608 
128.2 -13.891644 
128.3 -13.898554 
128.4 -13.89382 
128.5 -13.282945 
128.6 -12.58076 
128.7 -13.243707 
128.8 -13.131663 
128.9 -12.428987 
129 -12.747595 
129.1 -12.415988 
129.2 -11.947607 
129.3 -11.447057 
129.4 -12.199598 
129.5 -12.355259 
129.6 -12.304633 
129.7 -13.598745 
129.8 -13.537266 
129.9 -13.293346 
130 -12.258149 
130.1 -12.219411 
130.2 -12.789372 
130.3 -12.478336 
130.4 -12.948425 
130.5 -13.55705 
130.6 -13.825998 
130.7 -13.154297 
130.8 -13.549863 
130.9 -13.851449 
131 -13.998718 
131.1 -14.302619 
131.2 -14.169069 
131.3 -13.880268 
131.4 -14.050677 
131.5 -14.280572 
131.6 -13.609799 
131.7 -13.623816 
131.8 -13.221877 
131.9 -12.760481 
132 -13.622088 
132.1 -13.936048 
132.2 -13.732408 
132.3 -12.816042 
132.4 -13.537069 
132.5 -12.694789 
132.6 -12.266903 
132.7 -12.742799 
132.8 -12.930959 
132.9 -13.577348 
133 -14.676225 
133.1 -14.069422 
133.2 -14.8708 
133.3 -15.043868 
133.4 -14.35446 
133.5 -13.240343 
133.6 -13.356962 
133.7 -12.71279 
133.8 -11.999966 
133.9 -12.328812 
134 -12.779158 
134.1 -12.166166 
134.2 -12.568626 
134.3 -11.95139 
134.4 -11.945136 
134.5 -12.220081 
134.6 -12.814615 
134.7 -12.417287 
134.8 -12.52046 
134.9 -12.332877 
135 -12.885867 
135.1 -12.773974 
135.2 -12.449916 
135.3 -12.115962 
135.4 -11.48541 
135.5 -11.896287 
135.6 -12.1788 
135.7 -11.459628 
135.8 -10.997499 
135.9 -10.74354 
136 -10.807047 
136.1 -10.700545 
136.2 -11.658877 
136.3 -10.817752 
136.4 20 
136.5 -9.9371594 
136.6 -57.253236 
136.7 -54.787948 
136.8 -50.522185 
136.9 -47.175106 
137 -43.283703 
137.1 -42.190538 
137.2 -39.997111 
137.3 -38.369215 
137.4 -36.940937 
137.5 -36.409753 
137.6 -34.484178 
137.7 -33.607903 
137.8 -32.60849 
137.9 -31.041471 
138 -31.093767 
138.1 -30.919462 
138.2 -29.910797 
138.3 -28.462979 
138.4 -26.234441 
138.5 -26.26249 
138.6 -25.90053 
138.7 -24.511889 
138.8 -24.252522 
138.9 -22.938558 
139 -22.319412 
139.1 -22.052885 
139.2 -21.743432 
139.3 -20.052954 
139.4 -20.170362 
139.5 -19.137103 
139.6 -19.140575 
139.7 -19.075417 
139.8 -18.522246 
139.9 -19.192154 
140 -18.814768 
140.1 -17.096241 
140.2 -16.704487 
140.3 -16.707455 
140.4 -17.358284 
140.5 -17.21148 
140.6 -15.444214 
140.7 -16.605235 
140.8 -15.364687 
140.9 -15.320218 
141 -15.369553 
141.1 -16.020416 
141.2 -16.558009 
141.3 -16.356664 
141.4 -16.462575 
141.5 -16.807038 
141.6 -16.451365 
141.7 -17.322505 
141.8 -18.393474 
141.9 -17.854242 
142 -17.597008 
142.1 -17.259798 
142.2 -18.096643 
142.3 -17.293809 
142.4 -17.907841 
142.5 -16.555555 
142.6 -16.796704 
142.7 -16.321435 
142.8 -15.888205 
142.9 -16.582599 
143 -16.399909 
143.1 -15.863954 
143.2 -16.802954 
143.3 -16.496883 
143.4 -15.895779 
143.5 -16.161877 
143.6 -16.590988 
143.7 -15.921025 
143.8 -15.897855 
143.9 -15.529391 
144 -16.159633 
144.1 -16.280469 
144.2 -15.466087 
144.3 -15.104109 
144.4 -14.624896 
144.5 -13.743618 
144.6 -14.585052 
144.7 -14.151008 
144.8 -14.575269 
144.9 -14.269118 
145 -14.455511 
145.1 -14.258807 
145.2 -13.827988 
145.3 -13.691964 
145.4 -13.578735 
145.5 -13.905573 
145.6 -12.782367 
145.7 -13.162909 
145.8 -14.130917 
145.9 -14.310752 
146 -13.821417 
146.1 -14.007335 
146.2 -13.884853 
146.3 -13.499725 
146.4 -13.08001 
146.5 -13.795955 
146.6 -13.044699 
146.7 -13.43855 
146.8 -13.599579 
146.9 -13.690229 
147 -13.849199 
147.1 -14.039795 
147.2 -13.330748 
147.3 -12.627054 
147.4 -13.478354 
147.5 -13.276279 
147.6 -12.672877 
147.7 -12.771043 
147.8 -12.035892 
147.9 -12.257701 
148 -12.184162 
148.1 -11.241566 
148.2 -11.517004 
148.3 -11.753171 
148.4 -11.580239 
148.5 -11.289879 
148.6 -11.545783 
148.7 -11.081324 
148.8 -10.85048 
148.9 -10.101697 
149 20 
149.1 -10.039107 
149.2 -59.779505 
149.3 -55.460042 
149.4 -53.55673 
149.5 -52.133488 
149.6 -51.10317 
149.7 -47.347319 
149.8 -44.184797 
149.9 -42.402195 
150 -41.634544 
150.1 -41.156772 
150.2 -41.157689 
150.3 -38.247232 
150.4 -37.862993 
150.5 -37.516514 
150.6 -32.480088 
150.7 -31.528755 
150.8 -29.469155 
150.9 -29.293766 
151 -27.950406 
151.1 -27.230455 
151.2 -25.639208 
151.3 -23.944189 
151.4 -24.132353 
151.5 -24.114729 
151.6 -22.175172 
151.7 -21.14699 
151.8 -19.444246 
151.9 -18.939923 
152 -19.003424 
152.1 -18.766438 
152.2 -18.815228 
152.3 -19.077697 
152.4 -18.667498 
152.5 -17.657585 
152.6 -16.038245 
152.7 -15.982106 
152.8 -16.125707 
152.9 -15.203871 
153 -15.200918 
153.1 -14.960547 
153.2 -14.621049 
153.3 -14.107153 
153.4 -13.556994 
153.5 -13.366498 
153.6 -14.126432 
153.7 -14.554935 
153.8 -14.610867 
153.9 -14.903299 
154 -14.982705 
154.1 -15.024185 
154.2 -15.04148 
154.3 -15.152522 
154.4 -14.352637 
154.5 -14.150558 
154.6 -13.648626 
154.7 -14.122584 
154.8 -13.736258 
154.9 -13.323968 
155 -13.081879 
155.1 -13.27496 
155.2 -13.548115 
155.3 -19.753665 
155.4 -17.610409 
155.5 -16.686476 
155.6 -16.277683 
155.7 -15.817055 
155.8 -15.945697 
155.9 -15.581531 
156 -15.478431 
156.1 -15.265172 
156.2 -15.243901 
156.3 -14.582718 
156.4 -14.538929 
156.5 -14.112786 
156.6 -13.874321 
156.7 -12.687781 
156.8 -12.819458 
156.9 -12.52593 
157 -12.49361 
157.1 -12.831313 
157.2 -12.45746 
157.3 -12.308918 
157.4 -12.370557 
157.5 -12.510048 
157.6 -13.23739 
157.7 -13.584188 
157.8 -13.265362 
157.9 -13.439785 
158 -12.87682 
158.1 -11.809881 
158.2 -11.886132 
158.3 -11.830792 
158.4 -12.380101 
158.5 -13.487327 
158.6 -13.7153 
158.7 -14.000319 
158.8 -13.499052 
158.9 -13.973386 
159 -15.063421 
159.1 -14.219275 
159.2 -14.137993 
159.3 -13.034872 
159.4 -12.870627 
159.5 -12.709756 
159.6 -12.770802 
159.7 -13.366882 
159.8 -13.627103 
159.9 -13.35308 
160 -12.615434 
160.1 -12.822937 
160.2 -12.407446 
160.3 -11.744256 
160.4 -11.018581 
160.5 -11.328943 
160.6 -10.826241 
160.7 -10.814144 
160.8 -10.937563 
160.9 -10.785153 
161 -11.259525 
161.1 -11.466137 
161.2 -11.016672 
161.3 -10.569877 
161.4 -10.472162 
161.5 -10.393606 
161.6 -10.736831 
161.7 -10.547888 
161.8 -11.136061 
161.9 -10.695062 
162 -11.038521 
162.1 -10.291677 
162.2 -10.552165 
162.3 -10.578676 
162.4 -10.288819 
162.5 -10.354215 
162.6 -11.382445 
162.7 -11.317725 
162.8 -11.712622 
162.9 -12.349883 
163 -12.780006 
163.1 -12.091547 
163.2 -12.357423 
163.3 -12.631697 
163.4 -13.005839 
163.5 -12.294846 
163.6 -12.63581 
163.7 -12.734618 
163.8 -12.859839 
163.9 -12.796329 
164 -12.113429 
164.1 -12.609268 
164.2 -12.427941 
164.3 -12.179691 
164.4 -12.219173 
164.5 -12.018019 
164.6 -19.067714 
164.7 -19.108056 
164.8 -18.251057 
164.9 -18.944602 
165 -17.018768 
165.1 -16.292427 
165.2 -15.277464 
165.3 -14.390207 
165.4 -14.323157 
165.5 -13.028474 
165.6 -13.3747 
165.7 -13.17357 
165.8 -13.119066 
165.9 -12.862346 
166 -13.303915 
166.1 -13.452881 
166.2 -13.87991 
166.3 -14.144798 
166.4 -14.294558 
166.5 -13.949311 
166.6 -13.773416 
166.7 -13.207203 
166.8 -12.702261 
166.9 -13.179963 
167 -12.845734 
167.1 -12.656844 
167.2 -12.372457 
167.3 -12.660349 
167.4 -12.168385 
167.5 -12.283611 
167.6 -12.737252 
167.7 -13.045115 
167.8 -11.904943 
167.9 -11.508045 
168 -11.445501 
168.1 -11.621213 
168.2 -11.636594 
168.3 -11.939281 
168.4 -12.264765 
168.5 -12.340806 
168.6 -12.654652 
168.7 -13.015559 
168.8 -13.836099 
168.9 -13.81716 
169 -13.72479 
169.1 -13.386525 
169.2 -12.677665 
169.3 -12.378673 
169.4 -12.702684 
169.5 -11.901237 
169.6 -12.120561 
169.7 -12.506757 
169.8 -11.96133 
169.9 -11.634812 
170 -11.681211 
170.1 -11.394231 
170.2 -11.06828 
170.3 -11.449792 
170.4 -10.774196 
170.5 -10.91949 
170.6 -10.943351 
170.7 -10.650238 
170.8 -10.611904 
170.9 -11.11431 
171 -11.06242 
171.1 -10.686976 
171.2 -11.455485 
171.3 -11.029662 
171.4 -10.752929 
171.5 -11.284397 
171.6 -11.494938 
171.7 -11.553623 
171.8 -12.069018 
171.9 -12.25616 
172 -12.7929 
172.1 -12.471187 
172.2 -12.712064 
172.3 -12.253364 
172.4 -11.679004 
172.5 -11.557872 
172.6 -11.951682 
172.7 -11.437604 
172.8 -11.571767 
172.9 -12.003781 
173 -11.253815 
173.1 -11.239962 
173.2 -11.268467 
173.3 -11.4154 
173.4 -11.718418 
173.5 -11.676648 
173.6 -12.534657 
173.7 -11.896399 
173.8 -11.973026 
173.9 -12.106921 
174 -11.340636 
174.1 -11.791134 
174.2 -12.294463 
174.3 -12.763251 
174.4 -12.889991 
174.5 -12.979182 
174.6 -13.085618 
174.7 -13.472089 
174.8 -13.121591 
174.9 -12.9452 
175 -13.269064 
175.1 -13.819717 
175.2 -13.445884 
175.3 -12.715348 
175.4 -14.208879 
175.5 -13.274209 
175.6 -13.640007 
175.7 -13.093832 
175.8 -13.183859 
175.9 -13.569428 
176 -13.237684 
176.1 -13.810113 
176.2 -13.486067 
176.3 -12.893372 
176.4 -12.574028 
176.5 -12.390887 
176.6 -12.740303 
176.7 -12.897266 
176.8 -12.110812 
176.9 -11.27724 
177 -11.208194 
177.1 -12.307142 
177.2 -12.854712 
177.3 -12.914494 
177.4 -12.274159 
177.5 -12.681843 
177.6 -12.850678 
177.7 -12.583941 
177.8 -13.064846 
177.9 -13.40177 
178 -12.349682 
178.1 -11.579374 
178.2 -11.703815 
178.3 -11.231459 
178.4 -10.505269 
178.5 -11.536197 
178.6 -12.005461 
178.7 -12.529198 
178.8 -12.637887 
178.9 -12.569286 
179 -12.671898 
179.1 -12.322666 
179.2 -12.544746 
179.3 -12.299914 
179.4 -12.867553 
179.5 -12.197924 
179.6 -12.317956 
179.7 -12.522208 
179.8 -12.552106 
179.9 -13.440709 
180 -13.827514 
180.1 -13.738723 
180.2 -14.009936 
180.3 -14.037623 
180.4 -13.618883 
180.5 -13.077253 
180.6 -13.045424 
180.7 -12.585956 
180.8 -12.041544 
180.9 -12.108875 
181 -11.929483 
181.1 -12.425324 
181.2 -12.440591 
181.3 -12.815305 
181.4 -13.163083 
181.5 -12.962612 
181.6 -12.687565 
181.7 -12.762791 
181.8 -12.75666 
181.9 -12.822507 
182 -12.643778 
182.1 -12.61899 
182.2 -12.727353 
182.3 -12.693492 
182.4 -11.906543 
182.5 -11.778993 
182.6 -19.333559 
182.7 -18.652265 
182.8 -17.404716 
182.9 -17.601179 
183 -18.276257 
183.1 -18.20806 
183.2 -18.744 
183.3 -18.068482 
183.4 -17.396743 
183.5 -17.482284 
183.6 -15.889887 
183.7 -16.584444 
183.8 -15.715376 
183.9 -14.851163 
184 -15.64653 
184.1 -15.35089 
184.2 -15.551244 
184.3 -14.906603 
184.4 -13.624951 
184.5 -14.00212 
184.6 -14.448579 
184.7 -14.892307 
184.8 -15.476135 
184.9 -14.951365 
185 -14.435964 
185.1 -13.592812 
185.2 -13.620272 
185.3 -13.330563 
185.4 -13.571074 
185.5 -12.681112 
185.6 -11.782888 
185.7 -12.220296 
185.8 -12.33717 
185.9 -12.775573 
186 -12.985447 
186.1 -13.433717 
186.2 -14.426479 
186.3 -15.02986 
186.4 -13.450902 
186.5 -14.103516 
186.6 -14.272364 
186.7 -14.166405 
186.8 -13.488703 
186.9 -13.990282 
187 -13.796181 
187.1 -13.607182 
187.2 -13.340075 
187.3 -13.234418 
187.4 -12.984374 
187.5 -12.232907 
187.6 -12.725487 
187.7 -12.283369 
187.8 -12.739773 
187.9 -12.992543 
188 -12.444711 
188.1 -12.386172 
188.2 -12.211575 
188.3 -12.385179 
188.4 -12.180963 
188.5 -12.753418 
188.6 -13.434994 
188.7 -13.931982 
188.8 -13.933171 
188.9 -13.703893 
189 -14.10067 
189.1 -14.91236 
189.2 -15.463337 
189.3 -15.760189 
189.4 -15.671899 
189.5 -15.460764 
189.6 -15.463665 
189.7 -15.249961 
189.8 -15.872239 
189.9 -15.531032 
190 -14.618546 
190.1 -15.168468 
190.2 -14.53173 
190.3 -14.962707 
190.4 -14.182897 
190.5 -14.547593 
190.6 -15.482877 
190.7 -13.821778 
190.8 -13.951668 
190.9 -13.034984 
191 -13.087448 
191.1 -13.438871 
191.2 -13.776217 
191.3 -12.556789 
191.4 -12.089164 
191.5 -11.877138 
191.6 -12.712677 
191.7 -13.018086 
191.8 -12.574801 
191.9 -12.248719 
192 -13.160093 
192.1 -13.025868 
192.2 -12.764185 
192.3 -12.830575 
192.4 -12.509268 
192.5 -11.34962 
192.6 -12.924205 
192.7 -12.841729 
192.8 -12.118077 
192.9 -12.781856 
193 -12.797867 
193.1 -12.737232 
193.2 -12.748969 
193.3 -13.177226 
193.4 -13.742374 
193.5 -13.428409 
193.6 -12.846916 
193.7 -13.670073 
193.8 -13.988193 
193.9 -13.351133 
194 -13.351032 
194.1 -12.902635 
194.2 -12.826428 
194.3 -12.995356 
194.4 -12.862578 
194.5 -13.493367 
194.6 -14.074139 
194.7 -13.713985 
194.8 -19.346105 
194.9 -19.711068 
195 -19.935211 
195.1 -20.387989 
195.2 -20.010738 
195.3 -18.517322 
195.4 -18.276277 
195.5 -17.98299 
195.6 -16.550912 
195.7 -16.575622 
195.8 -16.093689 
195.9 -16.525188 
196 -15.515784 
196.1 -16.0328 
196.2 -16.461351 
196.3 -16.268183 
196.4 -16.282645 
196.5 -16.623935 
196.6 -17.178523 
196.7 -17.421374 
196.8 -17.379728 
196.9 -16.504866 
197 -16.287513 
197.1 -16.905351 
197.2 -15.811413 
197.3 -15.091253 
197.4 -14.886844 
197.5 -14.296678 
197.6 -13.127185 
197.7 -13.667016 
197.8 -13.974013 
197.9 -14.150477 
198 -14.853667 
198.1 -14.715687 
198.2 -14.673686 
198.3 -14.54994 
198.4 -14.690471 
198.5 -13.759135 
198.6 -12.908706 
198.7 -13.183224 
198.8 -12.543481 
198.9 -11.712412 
199 -12.000286 
199.1 -12.186217 
199.2 -11.700335 
199.3 -11.555001 
199.4 -11.419276 
199.5 -11.333222 
199.6 -10.853654 
199.7 -10.957437 
199.8 -10.549667 
199.9 -11.515389 


