0 0 
0.1 -56.021735 
0.2 -51.672806 
0.3 -46.730537 
0.4 -46.184189 
0.5 -44.96925 
0.6 -43.022614 
0.7 -40.338245 
0.8 -37.694833 
0.9 -36.829394 
1 -33.342571 
1.1 -31.623046 
1.2 -29.791301 
1.3 -29.785837 
1.4 -29.222063 
1.5 -29.868744 
1.6 -26.648269 
1.7 -25.58978 
1.8 -25.22035 
1.9 -23.346692 
2 -22.201949 
2.1 -21.476337 
2.2 -20.326033 
2.3 -19.460574 
2.4 -19.056449 
2.5 -18.353848 
2.6 -18.159605 
2.7 -17.374932 
2.8 -16.96187 
2.9 -16.074961 
3 -15.545288 
3.1 -15.342044 
3.2 -13.991657 
3.3 -13.481452 
3.4 -14.340584 
3.5 -14.285081 
3.6 -13.723545 
3.7 -13.699682 
3.8 -13.839217 
3.9 -14.268341 
4 -14.157485 
4.1 -14.299661 
4.2 -14.1204 
4.3 -14.028308 
4.4 -14.11929 
4.5 -13.413842 
4.6 -13.250041 
4.7 -14.095119 
4.8 -14.800162 
4.9 -14.131242 
5 -13.822107 
5.1 -13.566898 
5.2 -14.036133 
5.3 -12.924939 
5.4 -13.031866 
5.5 -14.030498 
5.6 -14.167525 
5.7 -13.541901 
5.8 -13.236626 
5.9 -13.127234 
6 -13.319182 
6.1 -14.253775 
6.2 -14.001293 
6.3 -14.666606 
6.4 -14.543868 
6.5 -13.397594 
6.6 -12.266488 
6.7 -12.514401 
6.8 -12.316338 
6.9 -12.245603 
7 -12.733002 
7.1 -12.951861 
7.2 -13.439886 
7.3 -13.749525 
7.4 -13.952949 
7.5 -13.852816 
7.6 -14.270922 
7.7 -13.760252 
7.8 -13.77315 
7.9 -13.702267 
8 -14.732514 
8.1 -15.406442 
8.2 -16.139677 
8.3 -15.128168 
8.4 -14.553157 
8.5 -14.153197 
8.6 -14.767242 
8.7 -13.464146 
8.8 -12.9069 
8.9 -13.150448 
9 -12.84509 
9.1 -13.95053 
9.2 -13.329332 
9.3 -12.954138 
9.4 -11.489867 
9.5 -11.509772 
9.6 -11.83451 
9.7 -12.103211 
9.8 -11.914459 
9.9 -12.425003 
10 -12.68891 
10.1 -12.29718 
10.2 -12.119412 
10.3 -11.958403 
10.4 -12.15551 
10.5 -12.402971 
10.6 -11.643843 
10.7 -10.731311 
10.8 -11.749285 
10.9 -12.193151 
11 -12.662655 
11.1 -12.972904 
11.2 -13.268443 
11.3 -13.787961 
11.4 -13.753708 
11.5 -13.93777 
11.6 -14.327193 
11.7 -13.828697 
11.8 -13.88677 
11.9 -14.232776 
12 -13.376436 
12.1 -14.001594 
12.2 -13.688404 
12.3 -13.301006 
12.4 -13.461481 
12.5 -14.430938 
12.6 -14.554981 
12.7 -14.71121 
12.8 -14.527312 
12.9 -13.836517 
13 -13.828487 
13.1 -13.818493 
13.2 -13.632557 
13.3 -13.747199 
13.4 -12.791619 
13.5 -11.918355 
13.6 -11.96476 
13.7 -12.130977 
13.8 -12.410392 
13.9 -12.033987 
14 -11.785996 
14.1 -12.29157 
14.2 -13.071233 
14.3 -13.028484 
14.4 -13.078626 
14.5 -13.166956 
14.6 -13.444625 
14.7 -13.377901 
14.8 -13.809176 
14.9 -14.237564 
15 -13.339302 
15.1 -12.986172 
15.2 -11.633972 
15.3 -11.785435 
15.4 -12.243908 
15.5 -12.148026 
15.6 -12.208128 
15.7 -11.547085 
15.8 -11.589613 
15.9 -11.800752 
16 -12.739574 
16.1 -13.109601 
16.2 -14.040346 
16.3 -14.228818 
16.4 -13.829267 
16.5 -14.520049 
16.6 -14.521034 
16.7 -13.302802 
16.8 -12.672071 
16.9 -12.861622 
17 -12.963266 
17.1 -13.522036 
17.2 -14.711298 
17.3 -14.673538 
17.4 -14.856704 
17.5 -14.823857 
17.6 -14.309791 
17.7 -14.8706 
17.8 -14.325229 
17.9 -14.869346 
18 -15.220634 
18.1 -14.889007 
18.2 -14.981404 
18.3 -15.377068 
18.4 -14.275818 
18.5 -13.961967 
18.6 -13.449429 
18.7 -13.132049 
18.8 -13.387272 
18.9 -13.186201 
19 -13.809993 
19.1 -13.145424 
19.2 -13.262788 
19.3 -13.451305 
19.4 -13.32036 
19.5 -13.464156 
19.6 -13.889991 
19.7 -13.900987 
19.8 -13.55749 
19.9 -13.989626 
20 -13.022635 
20.1 -14.136097 
20.2 -13.075638 
20.3 -12.442932 
20.4 -12.224081 
20.5 -12.71666 
20.6 -13.591589 
20.7 -12.786774 
20.8 -12.984844 
20.9 -12.77703 
21 -13.239355 
21.1 -13.329183 
21.2 -13.967179 
21.3 -13.596081 
21.4 -14.337045 
21.5 -14.27909 
21.6 -14.088726 
21.7 -13.783283 
21.8 -13.136503 
21.9 -12.184682 
22 -10.944434 
22.1 -11.36371 
22.2 -12.596629 
22.3 -12.955427 
22.4 -13.160097 
22.5 -13.044736 
22.6 -14.080909 
22.7 -14.15936 
22.8 -14.624692 
22.9 -14.133218 
23 -14.305091 
23.1 -14.75951 
23.2 -15.173745 
23.3 -15.503638 
23.4 -14.909733 
23.5 -14.43498 
23.6 -14.377945 
23.7 -14.252666 
23.8 -14.35105 
23.9 -13.796913 
24 -14.211965 
24.1 -12.577712 
24.2 -12.275507 
24.3 -11.989063 
24.4 -11.730553 
24.5 -11.901787 
24.6 -11.175634 
24.7 -11.455218 
24.8 -11.832386 
24.9 -11.683348 
25 -11.8708 
25.1 -11.617854 
25.2 -11.210739 
25.3 -10.714291 
25.4 -10.842231 
25.5 -11.45971 
25.6 -11.936485 
25.7 -11.51668 
25.8 -10.878954 
25.9 -10.541482 
26 -10.564978 
26.1 -11.249374 
26.2 -10.791166 
26.3 -11.746724 
26.4 -13.118172 
26.5 -12.257762 
26.6 -11.97173 
26.7 -11.586147 
26.8 -11.857248 
26.9 -11.267166 
27 -10.899052 
27.1 -10.447829 
27.2 -10.639515 
27.3 -11.435862 
27.4 -11.139379 
27.5 -10.512537 
27.6 -10.812296 
27.7 -11.108378 
27.8 -11.097024 
27.9 -11.267888 
28 -11.500449 
28.1 -10.945032 
28.2 -10.983428 
28.3 -11.593712 
28.4 -11.648329 
28.5 -11.436638 
28.6 -11.393586 
28.7 -11.491183 
28.8 -12.473964 
28.9 -12.616951 
29 -12.529033 
29.1 -13.14705 
29.2 -12.222448 
29.3 -12.321175 
29.4 -11.178759 
29.5 -11.195619 
29.6 -10.989423 
29.7 -12.040945 
29.8 -11.921535 
29.9 -11.247843 
30 -11.657969 
30.1 -12.385105 
30.2 -12.612237 
30.3 -12.534168 
30.4 -12.411147 
30.5 -12.274188 
30.6 -11.917654 
30.7 -12.755219 
30.8 -13.379649 
30.9 -18.946456 
31 -19.066083 
31.1 -18.438009 
31.2 -17.130875 
31.3 -16.955877 
31.4 -16.994773 
31.5 -17.296286 
31.6 -16.749812 
31.7 -15.881642 
31.8 -15.638376 
31.9 -15.583925 
32 -15.834596 
32.1 -15.257831 
32.2 -14.773351 
32.3 -13.628146 
32.4 -13.568162 
32.5 -13.959867 
32.6 -13.847677 
32.7 -13.946714 
32.8 -14.022718 
32.9 -13.531741 
33 -14.29877 
33.1 -14.792965 
33.2 -15.403432 
33.3 -15.265146 
33.4 -15.875965 
33.5 -15.875471 
33.6 -15.27132 
33.7 -15.594774 
33.8 -15.5701 
33.9 -15.555177 
34 -16.045134 
34.1 -15.598939 
34.2 -14.895506 
34.3 -14.240362 
34.4 -15.453403 
34.5 -15.77977 
34.6 -15.610263 
34.7 -14.633595 
34.8 -14.279923 
34.9 -13.665929 
35 -14.089211 
35.1 -14.594128 
35.2 -13.548853 
35.3 -13.083943 
35.4 -13.129061 
35.5 -12.227909 
35.6 -11.909561 
35.7 -11.897509 
35.8 -11.841338 
35.9 -11.239004 
36 -11.038457 
36.1 -11.737596 
36.2 -11.811516 
36.3 -11.883233 
36.4 -12.361297 
36.5 -11.231029 
36.6 -11.553987 
36.7 -10.827746 
36.8 -10.950131 
36.9 -10.368352 
37 -10.611403 
37.1 -11.186073 
37.2 -11.313568 
37.3 -11.60874 
37.4 -10.786766 
37.5 -10.347536 
37.6 -10.599251 
37.7 20 
37.8 -60 
37.9 -57.449517 
38 -53.801676 
38.1 -51.973151 
38.2 -48.610838 
38.3 -44.414384 
38.4 -41.462036 
38.5 -40.450502 
38.6 -39.951018 
38.7 -36.280957 
38.8 -34.92532 
38.9 -33.623752 
39 -32.56921 
39.1 -30.990906 
39.2 -29.820765 
39.3 -29.667418 
39.4 -29.44359 
39.5 -28.707661 
39.6 -26.989928 
39.7 -25.529504 
39.8 -24.187526 
39.9 -22.918606 
40 -22.449402 
40.1 -21.802911 
40.2 -21.024541 
40.3 -21.959072 
40.4 -21.060784 
40.5 -22.438767 
40.6 -23.546414 
40.7 -23.356175 
40.8 -22.343242 
40.9 -21.63063 
41 -21.581424 
41.1 -21.353781 
41.2 -21.974465 
41.3 -20.489735 
41.4 -19.195712 
41.5 -19.439546 
41.6 -18.792341 
41.7 -18.485901 
41.8 -19.083858 
41.9 -17.953855 
42 -17.455681 
42.1 -16.736732 
42.2 -16.749083 
42.3 -16.129046 
42.4 -15.61669 
42.5 -16.400266 
42.6 -16.888849 
42.7 -17.108502 
42.8 -17.271122 
42.9 -17.330819 
43 -16.202808 
43.1 -17.058649 
43.2 -16.76805 
43.3 -16.224856 
43.4 -15.138672 
43.5 -15.263419 
43.6 -20.71702 
43.7 -19.597716 
43.8 -20.766488 
43.9 -20.482693 
44 -20.35115 
44.1 -20.332334 
44.2 -18.331398 
44.3 -18.047906 
44.4 -18.192021 
44.5 -18.020171 
44.6 -18.674009 
44.7 -18.251124 
44.8 -16.82175 
44.9 -16.536919 
45 -16.434712 
45.1 -17.230527 
45.2 -18.367036 
45.3 -16.446542 
45.4 -15.944172 
45.5 -16.015766 
45.6 -15.453102 
45.7 -14.944945 
45.8 -14.882116 
45.9 -15.06883 
46 -14.595363 
46.1 -14.015223 
46.2 -13.012864 
46.3 -12.290745 
46.4 -12.64273 
46.5 -12.728843 
46.6 -12.016519 
46.7 -12.463005 
46.8 -13.195496 
46.9 -12.838343 
47 -13.387754 
47.1 -13.618369 
47.2 -13.527014 
47.3 -13.684083 
47.4 -14.638029 
47.5 -14.670954 
47.6 -14.298942 
47.7 -15.038268 
47.8 -14.851625 
47.9 -14.734751 
48 -14.961731 
48.1 -14.271261 
48.2 -14.908481 
48.3 -14.953597 
48.4 -14.922989 
48.5 -13.794739 
48.6 -13.055776 
48.7 -12.992863 
48.8 -12.331572 
48.9 -11.513875 
49 -11.4317 
49.1 -11.74412 
49.2 -12.115768 
49.3 -12.290762 
49.4 -12.661484 
49.5 -12.614735 
49.6 -12.539077 
49.7 -13.515097 
49.8 -13.337704 
49.9 -13.940582 
50 -13.655277 
50.1 -14.487771 
50.2 -14.405624 
50.3 -14.657348 
50.4 -14.633281 
50.5 -15.157532 
50.6 -14.670977 
50.7 -13.949238 
50.8 -13.193645 
50.9 -13.064373 
51 -12.446353 
51.1 -12.835523 
51.2 -13.202799 
51.3 -12.763338 
51.4 -12.910762 
51.5 -12.85862 
51.6 -12.203689 
51.7 -11.83546 
51.8 -12.197354 
51.9 -10.853371 
52 -12.226361 
52.1 -12.993125 
52.2 -12.674782 
52.3 -12.770882 
52.4 -13.165534 
52.5 -13.324185 
52.6 -14.297746 
52.7 -15.04349 
52.8 -13.750533 
52.9 -13.626308 
53 -13.486214 
53.1 -12.891907 
53.2 -12.844286 
53.3 -13.479085 
53.4 -14.069466 
53.5 -13.972549 
53.6 -14.526451 
53.7 -14.375531 
53.8 -13.739979 
53.9 -13.586692 
54 -13.463665 
54.1 -13.618164 
54.2 -14.312452 
54.3 -15.18136 
54.4 -14.585388 
54.5 -14.795205 
54.6 -14.970558 
54.7 -14.395484 
54.8 -13.409912 
54.9 -13.056863 
55 -12.926617 
55.1 -13.398802 
55.2 -12.952605 
55.3 -12.073247 
55.4 -12.223475 
55.5 -13.507716 
55.6 -13.002951 
55.7 -12.854196 
55.8 -13.274019 
55.9 -12.555269 
56 -12.733343 
56.1 -12.713437 
56.2 -12.737269 
56.3 -12.897798 
56.4 -12.30084 
56.5 -12.104094 
56.6 -12.515512 
56.7 -12.789409 
56.8 -13.375139 
56.9 -13.405805 
57 -13.302105 
57.1 -13.359932 
57.2 -13.26659 
57.3 -13.027439 
57.4 -13.427216 
57.5 -12.077024 
57.6 -11.239269 
57.7 -11.153286 
57.8 -11.040002 
57.9 -10.708066 
58 -10.442645 
58.1 20 
58.2 -60 
58.3 -55.792305 
58.4 -54.782094 
58.5 -54.535183 
58.6 -51.192086 
58.7 -48.21004 
58.8 -46.176481 
58.9 -43.956562 
59 -42.450819 
59.1 -39.700486 
59.2 -36.538908 
59.3 -33.758195 
59.4 -31.360487 
59.5 -29.118715 
59.6 -29.151413 
59.7 -27.333034 
59.8 -26.860106 
59.9 -26.005141 
60 -24.892198 
60.1 -23.645522 
60.2 -23.092284 
60.3 -21.871489 
60.4 -20.340411 
60.5 -19.958901 
60.6 -18.552511 
60.7 -16.392623 
60.8 -15.885459 
60.9 -16.161643 
61 -14.998208 
61.1 -14.548622 
61.2 -14.134094 
61.3 -14.431384 
61.4 -13.304854 
61.5 -12.831514 
61.6 -12.750706 
61.7 -12.882115 
61.8 -12.833022 
61.9 -12.047325 
62 -11.51824 
62.1 -11.723163 
62.2 -11.651959 
62.3 -11.979986 
62.4 -11.755141 
62.5 -10.819137 
62.6 -10.698024 
62.7 -10.428459 
62.8 -10.722977 
62.9 -10.881281 
63 -10.874737 
63.1 -10.95236 
63.2 -11.132901 
63.3 -10.596133 
63.4 -11.070753 
63.5 -11.820859 
63.6 -11.794809 
63.7 -12.102711 
63.8 -12.882855 
63.9 -12.547313 
64 -13.09053 
64.1 -13.905778 
64.2 -13.253942 
64.3 -13.63044 
64.4 -14.372411 
64.5 -14.599616 
64.6 -15.146672 
64.7 -14.170092 
64.8 -14.530931 
64.9 -13.583112 
65 -12.959173 
65.1 -13.439652 
65.2 -13.136767 
65.3 -12.510429 
65.4 -11.912351 
65.5 -11.443102 
65.6 -11.308077 
65.7 -10.911834 
65.8 -10.539863 
65.9 -10.499839 
66 -10.862788 
66.1 -11.503419 
66.2 -11.794141 
66.3 -12.467526 
66.4 -11.937268 
66.5 -11.715116 
66.6 -12.055302 
66.7 -11.325133 
66.8 -10.350377 
66.9 -10.337767 
67 -10.405477 
67.1 20 
67.2 -60 
67.3 -54.127061 
67.4 -50.115125 
67.5 -47.12107 
67.6 -44.344042 
67.7 -43.387082 
67.8 -42.836119 
67.9 -39.161012 
68 -36.917808 
68.1 -35.745189 
68.2 -34.036787 
68.3 -31.478913 
68.4 -30.783745 
68.5 -29.37801 
68.6 -29.178842 
68.7 -29.726539 
68.8 -28.000889 
68.9 -27.366871 
69 -26.347528 
69.1 -25.831196 
69.2 -24.401983 
69.3 -22.702159 
69.4 -22.8926 
69.5 -21.45833 
69.6 -20.950787 
69.7 -21.122372 
69.8 -20.633541 
69.9 -20.955167 
70 -20.268446 
70.1 -19.239663 
70.2 -19.093216 
70.3 -18.341519 
70.4 -19.218943 
70.5 -18.105008 
70.6 -17.827044 
70.7 -16.463378 
70.8 -15.661782 
70.9 -15.387097 
71 -15.256595 
71.1 -14.715721 
71.2 -13.863772 
71.3 -14.684938 
71.4 -14.354342 
71.5 -14.847103 
71.6 -13.775718 
71.7 -12.997924 
71.8 -12.716901 
71.9 -12.944147 
72 -13.527462 
72.1 -13.768725 
72.2 -13.854332 
72.3 -13.084664 
72.4 -13.77404 
72.5 -13.837962 
72.6 -13.244316 
72.7 -13.504694 
72.8 -13.338807 
72.9 -13.933367 
73 -13.803304 
73.1 -13.620652 
73.2 -13.571986 
73.3 -14.385645 
73.4 -15.155944 
73.5 -15.123798 
73.6 -15.457981 
73.7 -15.972901 
73.8 -15.143357 
73.9 -14.858875 
74 -14.606917 
74.1 -14.165248 
74.2 -13.567805 
74.3 -13.599984 
74.4 -13.172911 
74.5 -13.123621 
74.6 -13.114713 
74.7 -13.503178 
74.8 -13.867061 
74.9 -13.534173 
75 -13.089947 
75.1 -13.058393 
75.2 -12.523931 
75.3 -12.027487 
75.4 -11.934796 
75.5 -11.709818 
75.6 -11.462587 
75.7 -11.214969 
75.8 -11.504858 
75.9 -11.738473 
76 -11.941419 
76.1 -11.773615 
76.2 -11.69921 
76.3 -12.036594 
76.4 -12.202 
76.5 -12.226118 
76.6 -11.879139 
76.7 -12.9057 
76.8 -13.286586 
76.9 -13.649508 
77 -13.852382 
77.1 -13.803076 
77.2 -13.455732 
77.3 -13.641623 
77.4 -14.374954 
77.5 -15.184028 
77.6 -14.781341 
77.7 -15.585851 
77.8 -15.021816 
77.9 -14.770767 
78 -14.325345 
78.1 -15.55107 
78.2 -15.18451 
78.3 -15.35278 
78.4 -14.976335 
78.5 -20.581608 
78.6 -21.352371 
78.7 -20.502021 
78.8 -18.793072 
78.9 -18.360996 
79 -17.39805 
79.1 -17.614828 
79.2 -16.450885 
79.3 -16.987036 
79.4 -17.480881 
79.5 -17.630813 
79.6 -16.626068 
79.7 -16.443764 
79.8 -15.660722 
79.9 -16.121912 
80 -15.395558 
80.1 -15.399495 
80.2 -14.911623 
80.3 -13.567453 
80.4 -14.233008 
80.5 -14.661793 
80.6 -13.590973 
80.7 -12.975419 
80.8 -12.676584 
80.9 -12.303007 
81 -11.718335 
81.1 -11.741926 
81.2 -11.483358 
81.3 -11.694246 
81.4 -10.916447 
81.5 -10.500875 
81.6 -10.541367 
81.7 -10.983346 
81.8 -10.894484 
81.9 -10.610959 
82 20 
82.1 -60 
82.2 -56.768853 
82.3 -53.486072 
82.4 -51.079583 
82.5 -49.032956 
82.6 -44.025188 
82.7 -42.651247 
82.8 -38.885281 
82.9 -36.551295 
83 -36.153875 
83.1 -34.016022 
83.2 -30.491382 
83.3 -28.868836 
83.4 -27.404985 
83.5 -26.686526 
83.6 -27.47141 
83.7 -26.146827 
83.8 -24.621054 
83.9 -24.114146 
84 -21.9781 
84.1 -20.879095 
84.2 -19.989328 
84.3 -19.1535 
84.4 -17.483837 
84.5 -16.308824 
84.6 -16.467507 
84.7 -16.752633 
84.8 -16.077682 
84.9 -15.722091 
85 -14.162769 
85.1 -14.174309 
85.2 -14.907054 
85.3 -13.812508 
85.4 -13.201447 
85.5 -12.911943 
85.6 -13.140458 
85.7 -11.994215 
85.8 -11.248618 
85.9 -11.806373 
86 -11.996618 
86.1 -11.20473 
86.2 -11.710238 
86.3 -11.266053 
86.4 -11.518313 
86.5 -11.430029 
86.6 -11.637757 
86.7 -11.285382 
86.8 -11.761814 
86.9 -11.065563 
87 -10.996724 
87.1 -12.116564 
87.2 -12.711735 
87.3 -12.141318 
87.4 -12.023953 
87.5 -11.599867 
87.6 -12.223623 
87.7 -12.625803 
87.8 -13.090626 
87.9 -13.800029 
88 -13.902107 
88.1 -13.237815 
88.2 -12.898783 
88.3 -12.60982 
88.4 -12.268767 
88.5 -12.582281 
88.6 -12.875225 
88.7 -12.657501 
88.8 -13.12972 
88.9 -12.841344 
89 -13.168212 
89.1 -13.996185 
89.2 -13.40399 
89.3 -13.555018 
89.4 -12.977363 
89.5 -12.956594 
89.6 -12.930958 
89.7 -13.019347 
89.8 -13.446817 
89.9 -14.079535 
90 -13.888036 
90.1 -12.849202 
90.2 -12.580673 
90.3 -12.781049 
90.4 -12.495747 
90.5 -11.937395 
90.6 -12.013301 
90.7 -11.96572 
90.8 -12.323509 
90.9 -11.905072 
91 -11.602744 
91.1 -11.841664 
91.2 -11.469746 
91.3 -11.05898 
91.4 -11.2937 
91.5 -11.661644 
91.6 -11.624382 
91.7 -11.24554 
91.8 -10.943001 
91.9 -10.759522 
92 -10.325423 
92.1 20 
92.2 -60 
92.3 -56.244825 
92.4 -49.935794 
92.5 -46.362788 
92.6 -42.51318 
92.7 -43.553953 
92.8 -42.096631 
92.9 -40.945827 
93 -39.288345 
93.1 -38.783539 
93.2 -39.475926 
93.3 -36.135176 
93.4 -36.99441 
93.5 -38.243803 
93.6 -36.676275 
93.7 -35.872389 
93.8 -35.285674 
93.9 -35.694331 
94 -32.948235 
94.1 -31.658673 
94.2 -31.596664 
94.3 -31.638598 
94.4 -30.054148 
94.5 -29.830186 
94.6 -28.477287 
94.7 -28.615229 
94.8 -27.54289 
94.9 -25.543295 
95 -23.865411 
95.1 -22.707864 
95.2 -20.920735 
95.3 -20.71125 
95.4 -19.875639 
95.5 -19.934869 
95.6 -19.816861 
95.7 -19.423647 
95.8 -18.988491 
95.9 -18.716786 
96 -19.024088 
96.1 -19.304273 
96.2 -19.704403 
96.3 -19.199286 
96.4 -19.008318 
96.5 -18.379433 
96.6 -18.513684 
96.7 -18.904665 
96.8 -19.077158 
96.9 -17.984905 
97 -17.051215 
97.1 -16.971735 
97.2 -17.623807 
97.3 -17.962572 
97.4 -17.775657 
97.5 -17.794549 
97.6 -17.331082 
97.7 -17.247802 
97.8 -16.315544 
97.9 -16.579572 
98 -17.021135 
98.1 -17.0132 
98.2 -16.305549 
98.3 -14.963182 
98.4 -14.195572 
98.5 -14.582446 
98.6 -15.183396 
98.7 -15.023486 
98.8 -14.443699 
98.9 -14.135469 
99 -14.062865 
99.1 -13.520622 
99.2 -13.66216 
99.3 -13.737412 
99.4 -14.237562 
99.5 -14.180573 
99.6 -14.340777 
99.7 -14.626599 
99.8 -15.255808 
99.9 -15.373381 
100 -15.194303 
100.1 -14.928192 
100.2 -14.505947 
100.3 -14.986768 
100.4 -14.920797 
100.5 -14.77036 
100.6 -15.440274 
100.7 -15.019081 
100.8 -14.122111 
100.9 -13.688755 
101 -14.595219 
101.1 -15.007438 
101.2 -15.153086 
101.3 -15.619525 
101.4 -15.348411 
101.5 -14.400335 
101.6 -13.728524 
101.7 -13.291881 
101.8 -13.755006 
101.9 -13.971239 
102 -13.530154 
102.1 -12.791968 
102.2 -12.42094 
102.3 -12.198297 
102.4 -11.810814 
102.5 -11.693507 
102.6 -12.537988 
102.7 -12.317341 
102.8 -11.889604 
102.9 -12.319058 
103 -12.33735 
103.1 -12.082827 
103.2 -12.431557 
103.3 -11.896776 
103.4 -11.581209 
103.5 -11.292841 
103.6 -11.802978 
103.7 -11.381523 
103.8 -10.917787 
103.9 -12.01284 
104 -12.55747 
104.1 -13.124039 
104.2 -13.13202 
104.3 -12.493402 
104.4 -12.971678 
104.5 -12.450068 
104.6 -12.520278 
104.7 -13.170732 
104.8 -13.338093 
104.9 -12.916271 
105 -12.971042 
105.1 -13.100638 
105.2 -12.994624 
105.3 -12.698744 
105.4 -13.25321 
105.5 -13.097962 
105.6 -13.497444 
105.7 -13.382899 
105.8 -14.189661 
105.9 -14.14113 
106 -14.018208 
106.1 -13.728133 
106.2 -14.461759 
106.3 -16.302121 
106.4 -15.614663 
106.5 -15.429098 
106.6 -15.554846 
106.7 -15.587572 
106.8 -14.827332 
106.9 -15.082381 
107 -15.088449 
107.1 -15.861249 
107.2 -15.784192 
107.3 -15.545742 
107.4 -16.629651 
107.5 -15.439278 
107.6 -14.838423 
107.7 -15.770841 
107.8 -15.536399 
107.9 -16.397267 
108 -17.394919 
108.1 -17.56895 
108.2 -18.0954 
108.3 -18.248929 
108.4 -18.481946 
108.5 -18.117859 
108.6 -18.615596 
108.7 -17.916876 
108.8 -17.364614 
108.9 -17.637655 
109 -18.584671 
109.1 -17.637122 
109.2 -17.814313 
109.3 -17.852951 
109.4 -18.196189 
109.5 -18.231036 
109.6 -17.758938 
109.7 -16.312932 
109.8 -15.856058 
109.9 -16.29255 
110 -16.476321 
110.1 -16.250546 
110.2 -16.838509 
110.3 -16.038511 
110.4 -15.955743 
110.5 -16.399188 
110.6 -16.165228 
110.7 -15.763296 
110.8 -15.249268 
110.9 -14.902557 
111 -14.337339 
111.1 -15.612281 
111.2 -14.426243 
111.3 -13.613913 
111.4 -12.770942 
111.5 -12.535227 
111.6 -12.195422 
111.7 -12.182469 
111.8 -12.398831 
111.9 -11.729149 
112 -10.64108 
112.1 -10.639195 
112.2 -10.99648 
112.3 -10.93723 
112.4 -10.503281 
112.5 -10.872284 
112.6 -11.098215 
112.7 -11.078236 
112.8 -11.920273 
112.9 -12.358564 
113 -12.81014 
113.1 -13.296837 
113.2 -12.783184 
113.3 -12.660686 
113.4 -12.40378 
113.5 -12.45287 
113.6 -12.283015 
113.7 -12.079983 
113.8 -12.190738 
113.9 -12.568724 
114 -13.104102 
114.1 -12.35661 
114.2 -12.4431 
114.3 -11.96994 
114.4 -12.569936 
114.5 -11.92269 
114.6 -10.886396 
114.7 -11.550128 
114.8 -11.909466 
114.9 -10.999575 
115 -11.504083 
115.1 -11.561583 
115.2 -11.607215 
115.3 -11.793915 
115.4 -11.157171 
115.5 -11.032365 
115.6 -11.422926 
115.7 -11.915689 
115.8 -12.66742 
115.9 -13.054259 
116 -13.134662 
116.1 -12.257947 
116.2 -12.254117 
116.3 -12.538974 
116.4 -12.554097 
116.5 -12.280517 
116.6 -12.233385 
116.7 -11.608552 
116.8 -12.163923 
116.9 -12.041862 
117 -12.216777 
117.1 -12.625174 
117.2 -12.817674 
117.3 -13.360495 
117.4 -12.822717 
117.5 -12.97967 
117.6 -12.919422 
117.7 -12.767192 
117.8 -12.394303 
117.9 -12.141005 
118 -11.809051 
118.1 -11.026011 
118.2 -11.530853 
118.3 -12.097812 
118.4 -11.223243 
118.5 -10.982277 
118.6 -11.796827 
118.7 -11.809128 
118.8 -11.983849 
118.9 -11.881145 
119 -11.614412 
119.1 -12.040438 
119.2 -11.519173 
119.3 -11.264835 
119.4 -11.259477 
119.5 -11.240176 
119.6 -11.075779 
119.7 -11.786259 
119.8 -11.631173 
119.9 -11.30871 
120 -11.133049 
120.1 -11.411351 
120.2 -11.645589 
120.3 -12.325284 
120.4 -20.06767 
120.5 -18.95794 
120.6 -17.65859 
120.7 -17.954088 
120.8 -18.148002 
120.9 -17.328012 
121 -16.544799 
121.1 -16.448328 
121.2 -16.189979 
121.3 -16.496214 
121.4 -16.088088 
121.5 -16.080224 
121.6 -16.125617 
121.7 -15.467579 
121.8 -15.237021 
121.9 -13.941048 
122 -14.14283 
122.1 -13.035222 
122.2 -13.717114 
122.3 -14.405445 
122.4 -14.318345 
122.5 -14.541332 
122.6 -14.768843 
122.7 -14.198955 
122.8 -14.066261 
122.9 -14.126812 
123 -14.539522 
123.1 -14.380709 
123.2 -14.096344 
123.3 -14.742736 
123.4 -14.534844 
123.5 -14.110412 
123.6 -13.902798 
123.7 -13.947975 
123.8 -13.509015 
123.9 -13.001036 
124 -13.095268 
124.1 -13.003611 
124.2 -12.042826 
124.3 -12.242911 
124.4 -12.766461 
124.5 -11.317403 
124.6 -11.70991 
124.7 -12.563869 
124.8 -13.810524 
124.9 -14.407909 
125 -13.335381 
125.1 -12.511902 
125.2 -12.470265 
125.3 -13.126914 
125.4 -13.069083 
125.5 -13.927366 
125.6 -13.189359 
125.7 -12.79617 
125.8 -12.680723 
125.9 -12.346696 
126 -11.456302 
126.1 -11.121311 
126.2 -11.270272 
126.3 -11.381148 
126.4 -11.822505 
126.5 -11.679034 
126.6 -10.60717 
126.7 -10.333504 
126.8 -10.438001 
126.9 -11.603057 
127 -11.605017 
127.1 -12.25922 
127.2 -11.988688 
127.3 -12.395794 
127.4 -13.223062 
127.5 -12.990924 
127.6 -12.687947 
127.7 -12.34166 
127.8 -11.896823 
127.9 -11.75885 
128 -12.067625 
128.1 -11.816802 
128.2 -11.710891 
128.3 -11.468099 
128.4 -12.197407 
128.5 -11.907323 
128.6 -12.304906 
128.7 -12.313133 
128.8 -13.018779 
128.9 -12.869691 
129 -14.359889 
129.1 -14.023874 
129.2 -14.545418 
129.3 -14.463559 
129.4 -14.766469 
129.5 -14.786295 
129.6 -14.596259 
129.7 -15.542676 
129.8 -15.528716 
129.9 -16.182264 
130 -16.541402 
130.1 -16.241063 
130.2 -16.760096 
130.3 -15.640727 
130.4 -15.714857 
130.5 -15.888308 
130.6 -15.465839 
130.7 -15.592846 
130.8 -15.442881 
130.9 -15.422225 
131 -14.594802 
131.1 -14.913039 
131.2 -14.051766 
131.3 -13.290835 
131.4 -13.172477 
131.5 -13.678584 
131.6 -13.166259 
131.7 -13.364961 
131.8 -13.45303 
131.9 -11.901316 
132 -11.972667 
132.1 -12.082536 
132.2 -12.02508 
132.3 -12.016098 
132.4 -12.702695 
132.5 -12.201511 
132.6 -11.516944 
132.7 -10.985027 
132.8 -11.44388 
132.9 -11.673864 
133 -10.85837 
133.1 -10.302749 
133.2 -11.09412 
133.3 -18.117893 
133.4 -17.016231 
133.5 -16.092598 
133.6 -15.873906 
133.7 -16.062018 
133.8 -15.258389 
133.9 -15.183369 
134 -14.744964 
134.1 -14.74236 
134.2 -15.092811 
134.3 -15.004316 
134.4 -14.987789 
134.5 -14.81278 
134.6 -14.793047 
134.7 -13.481971 
134.8 -12.901854 
134.9 -12.958158 
135 -12.664922 
135.1 -13.664366 
135.2 -14.143521 
135.3 -14.091825 
135.4 -13.832184 
135.5 -14.071526 
135.6 -14.388184 
135.7 -13.770434 
135.8 -14.015984 
135.9 -13.904726 
136 -14.844889 
136.1 -15.33834 
136.2 -13.972429 
136.3 -14.70753 
136.4 -13.916354 
136.5 -13.709421 
136.6 -14.185589 
136.7 -13.411237 
136.8 -13.143168 
136.9 -12.235113 
137 -11.839947 
137.1 -12.632941 
137.2 -12.96645 
137.3 -13.505418 
137.4 -13.937887 
137.5 -13.592376 
137.6 -14.293557 
137.7 -13.825012 
137.8 -14.041564 
137.9 -13.168374 
138 -12.843589 
138.1 -13.528892 
138.2 -13.506983 
138.3 -13.518519 
138.4 -13.503317 
138.5 -14.044639 
138.6 -13.610665 
138.7 -13.176166 
138.8 -13.130199 
138.9 -13.589037 
139 -12.835339 
139.1 -12.827413 
139.2 -12.853935 
139.3 -12.10684 
139.4 -12.1684 
139.5 -10.48957 
139.6 -10.889978 
139.7 -10.90169 
139.8 -11.560831 
139.9 -10.848239 
140 -11.692539 
140.1 -11.924599 
140.2 -12.181249 
140.3 -11.956059 
140.4 -10.912246 
140.5 20 
140.6 -60 
140.7 -56.545753 
140.8 -53.857314 
140.9 -49.572239 
141 -46.39661 
141.1 -44.370828 
141.2 -41.534177 
141.3 -39.007509 
141.4 -36.928084 
141.5 -36.332452 
141.6 -33.899501 
141.7 -32.619075 
141.8 -31.621896 
141.9 -32.337308 
142 -31.384264 
142.1 -30.903923 
142.2 -31.132467 
142.3 -30.422411 
142.4 -31.08136 
142.5 -30.789466 
142.6 -28.601537 
142.7 -28.361854 
142.8 -28.495971 
142.9 -27.75368 
143 -27.65983 
143.1 -27.18606 
143.2 -27.054884 
143.3 -26.579094 
143.4 -26.259005 
143.5 -25.087819 
143.6 -23.888862 
143.7 -23.657009 
143.8 -22.293782 
143.9 -21.902864 
144 -20.935805 
144.1 -19.858748 
144.2 -19.571166 
144.3 -19.345184 
144.4 -18.565055 
144.5 -18.574008 
144.6 -18.831131 
144.7 -17.336304 
144.8 -16.0773 
144.9 -15.985764 
145 -16.111191 
145.1 -16.00392 
145.2 -16.085424 
145.3 -15.163595 
145.4 -15.683705 
145.5 -14.861009 
145.6 -13.577655 
145.7 -12.523944 
145.8 -12.894537 
145.9 -13.743295 
146 -13.791799 
146.1 -13.038807 
146.2 -12.945666 
146.3 -13.389952 
146.4 -13.352564 
146.5 -13.257171 
146.6 -12.241219 
146.7 -11.791505 
146.8 -11.905021 
146.9 -11.804266 
147 -12.056767 
147.1 -11.11128 
147.2 -11.018918 
147.3 -10.645702 
147.4 -10.74723 
147.5 -10.509757 
147.6 -10.605693 
147.7 -11.039601 
147.8 -11.329658 
147.9 -11.981865 
148 -12.328927 
148.1 -12.668378 
148.2 -13.577643 
148.3 -13.855948 
148.4 -13.598109 
148.5 -14.470085 
148.6 -14.031436 
148.7 -14.815652 
148.8 -14.679859 
148.9 -14.05022 
149 -14.116961 
149.1 -13.570072 
149.2 -13.244124 
149.3 -12.518521 
149.4 -12.450306 
149.5 -12.426378 
149.6 -13.308636 
149.7 -13.770715 
149.8 -13.714644 
149.9 -13.510748 
150 -13.371109 
150.1 -12.701805 
150.2 -13.190979 
150.3 -12.656788 
150.4 -12.240932 
150.5 -12.482671 
150.6 -12.673484 
150.7 -12.630462 
150.8 -12.685665 
150.9 -13.279461 
151 -13.113853 
151.1 -13.128832 
151.2 -12.839813 
151.3 -12.532596 
151.4 -13.515314 
151.5 -14.16599 
151.6 -14.329808 
151.7 -14.457064 
151.8 -14.013379 
151.9 -13.391873 
152 -13.827292 
152.1 -13.934814 
152.2 -13.66307 
152.3 -13.902175 
152.4 -14.388001 
152.5 -13.956198 
152.6 -13.305993 
152.7 -12.898963 
152.8 -13.288131 
152.9 -13.208643 
153 -13.033741 
153.1 -13.410435 
153.2 -13.052756 
153.3 -12.480428 
153.4 -12.373922 
153.5 -12.581241 
153.6 -13.828573 
153.7 -14.358776 
153.8 -14.149745 
153.9 -13.768333 
154 -13.526316 
154.1 -13.57115 
154.2 -13.600414 
154.3 -13.172057 
154.4 -12.723449 
154.5 -13.26881 
154.6 -12.867546 
154.7 -13.557799 
154.8 -13.418587 
154.9 -12.83946 
155 -13.283094 
155.1 -12.91266 
155.2 -11.908994 
155.3 -12.292269 
155.4 -11.963325 
155.5 -12.185318 
155.6 -12.088355 
155.7 -12.070915 
155.8 -12.198323 
155.9 -12.720639 
156 -13.031312 
156.1 -13.879552 
156.2 -13.433883 
156.3 -13.906058 
156.4 -13.839773 
156.5 -14.165337 
156.6 -14.260297 
156.7 -15.218852 
156.8 -15.028527 
156.9 -14.89651 
157 -14.387532 
157.1 -13.260485 
157.2 -13.321563 
157.3 -13.755302 
157.4 -12.936445 
157.5 -12.759107 
157.6 -12.991658 
157.7 -12.868115 
157.8 -12.564407 
157.9 -13.448293 
158 -12.834753 
158.1 -12.858129 
158.2 -13.543166 
158.3 -13.307072 
158.4 -13.003511 
158.5 -13.232871 
158.6 -13.247234 
158.7 -12.591323 
158.8 -12.696214 
158.9 -13.288186 
159 -13.197893 
159.1 -12.901918 
159.2 -12.567255 
159.3 -12.437867 
159.4 -11.682039 
159.5 -12.40311 
159.6 -12.948615 
159.7 -11.831642 
159.8 -11.290896 
159.9 -11.749288 
160 -12.300244 
160.1 -11.794132 
160.2 -11.854953 
160.3 -12.348287 
160.4 -12.788277 
160.5 -13.311933 
160.6 -12.738036 
160.7 -12.638154 
160.8 -11.783538 
160.9 -11.48267 
161 -11.844823 
161.1 -12.257961 
161.2 -12.893334 
161.3 -13.579138 
161.4 -14.588306 
161.5 -13.28041 
161.6 -13.718961 
161.7 -14.682231 
161.8 -14.733877 
161.9 -14.371766 
162 -14.071322 
162.1 -13.95987 
162.2 -14.675113 
162.3 -14.804151 
162.4 -14.587667 
162.5 -14.690548 
162.6 -15.21544 
162.7 -15.271637 
162.8 -16.457672 
162.9 -15.759532 
163 -15.826873 
163.1 -16.673091 
163.2 -17.657052 
163.3 -17.234244 
163.4 -17.405109 
163.5 -17.427124 
163.6 -16.575814 
163.7 -16.454526 
163.8 -16.616913 
163.9 -16.178152 
164 -15.716 
164.1 -14.955706 
164.2 -14.036514 
164.3 -13.154851 
164.4 -13.261279 
164.5 -13.204737 
164.6 -14.300143 
164.7 -15.034453 
164.8 -14.816764 
164.9 -14.561922 
165 -14.916719 
165.1 -14.329956 
165.2 -13.591691 
165.3 -13.341035 
165.4 -12.816753 
165.5 -13.383661 
165.6 -11.964358 
165.7 -11.678377 
165.8 -10.694387 
165.9 -10.329156 
166 -11.263211 
166.1 -10.887541 
166.2 -11.374782 
166.3 -11.680946 
166.4 -12.562322 
166.5 -12.174964 
166.6 -12.391417 
166.7 -12.459736 
166.8 -12.498217 
166.9 -12.77929 
167 -12.733598 
167.1 -12.780565 
167.2 -12.530332 
167.3 -12.414431 
167.4 -12.698084 
167.5 -13.235794 
167.6 -13.159731 
167.7 -13.806485 
167.8 -13.18971 
167.9 -13.088118 
168 -12.974958 
168.1 -12.71993 
168.2 -12.366883 
168.3 -11.877341 
168.4 -12.82 
168.5 -12.840521 
168.6 -13.060573 
168.7 -12.637741 
168.8 -13.59212 
168.9 -13.913803 
169 -14.498731 
169.1 -14.82993 
169.2 -14.795217 
169.3 -15.240077 
169.4 -16.663022 
169.5 -16.068459 
169.6 -16.046668 
169.7 -15.400238 
169.8 -14.619088 
169.9 -14.501217 
170 -14.72621 
170.1 -13.008095 
170.2 -12.517479 
170.3 -12.581256 
170.4 -19.344406 
170.5 -18.903703 
170.6 -17.461293 
170.7 -17.231257 
170.8 -17.254828 
170.9 -16.780924 
171 -15.225012 
171.1 -15.293941 
171.2 -15.415312 
171.3 -14.675977 
171.4 -14.111248 
171.5 -13.565593 
171.6 -12.175488 
171.7 -12.448744 
171.8 -12.755021 
171.9 -12.996567 
172 -12.476523 
172.1 -13.310296 
172.2 -13.993884 
172.3 -14.67005 
172.4 -14.403358 
172.5 -15.641171 
172.6 -15.7013 
172.7 -15.049846 
172.8 -14.826595 
172.9 -14.019558 
173 -14.233184 
173.1 -14.177451 
173.2 -13.586339 
173.3 -14.165365 
173.4 -13.362613 
173.5 -13.671993 
173.6 -14.169255 
173.7 -13.648982 
173.8 -14.430054 
173.9 -14.888866 
174 -15.668102 
174.1 -15.821347 
174.2 -14.900468 
174.3 -14.999165 
174.4 -14.625843 
174.5 -14.980986 
174.6 -14.412722 
174.7 -14.138293 
174.8 -13.667943 
174.9 -14.503789 
175 -13.890087 
175.1 -13.859942 
175.2 -14.509452 
175.3 -14.452465 
175.4 -14.629556 
175.5 -14.284322 
175.6 -14.350019 
175.7 -13.500863 
175.8 -13.600234 
175.9 -14.343946 
176 -14.631684 
176.1 -14.003921 
176.2 -13.936723 
176.3 -13.519375 
176.4 -13.629611 
176.5 -13.887967 
176.6 -13.717558 
176.7 -13.829486 
176.8 -13.617082 
176.9 -13.290938 
177 -14.082487 
177.1 -14.351325 
177.2 -14.379316 
177.3 -13.482292 
177.4 -13.356539 
177.5 -13.617343 
177.6 -12.846052 
177.7 -11.981037 
177.8 -11.231615 
177.9 -11.946453 
178 -12.620877 
178.1 -12.966116 
178.2 -13.69674 
178.3 -13.212901 
178.4 -12.75299 
178.5 -13.476187 
178.6 -12.552295 
178.7 -13.28036 
178.8 -13.015546 
178.9 -12.810824 
179 -12.463697 
179.1 -12.652921 
179.2 -13.185773 
179.3 -12.557839 
179.4 -13.576637 
179.5 -14.043554 
179.6 -14.760957 
179.7 -15.261952 
179.8 -15.621332 
179.9 -16.026563 
180 -15.537075 
180.1 -15.741199 
180.2 -15.756286 
180.3 -15.756366 
180.4 -16.343072 
180.5 -15.470789 
180.6 -14.890628 
180.7 -15.354485 
180.8 -15.020663 
180.9 -14.883569 
181 -14.510391 
181.1 -14.383833 
181.2 -14.457026 
181.3 -14.956121 
181.4 -14.004507 
181.5 -13.023532 
181.6 -12.768073 
181.7 -12.00812 
181.8 -11.308533 
181.9 -11.011993 
182 -12.27703 
182.1 -12.373568 
182.2 -11.876939 
182.3 -12.412469 
182.4 -11.950334 
182.5 -11.620833 
182.6 -12.009073 
182.7 -12.274904 
182.8 -12.018367 
182.9 -11.799023 
183 -11.025931 
183.1 -11.657912 
183.2 -12.070405 
183.3 -11.678628 
183.4 -12.025594 
183.5 -12.563395 
183.6 -12.680109 
183.7 -12.784692 
183.8 -13.171057 
183.9 -13.1426 
184 -13.568138 
184.1 -12.989902 
184.2 -12.119709 
184.3 -12.174579 
184.4 -13.013298 
184.5 -13.630731 
184.6 -13.674547 
184.7 -14.373605 
184.8 -14.466661 
184.9 -14.297437 
185 -13.447351 
185.1 -13.633472 
185.2 -14.238547 
185.3 -14.583136 
185.4 -14.008161 
185.5 -13.095325 
185.6 -13.61653 
185.7 -12.753223 
185.8 -11.680102 
185.9 -11.920222 
186 -12.769084 
186.1 -13.787165 
186.2 -12.952426 
186.3 -13.18258 
186.4 -13.420745 
186.5 -13.145697 
186.6 -13.503929 
186.7 -13.954693 
186.8 -13.771063 
186.9 -13.73747 
187 -14.009266 
187.1 -13.502052 
187.2 -13.25726 
187.3 -11.87418 
187.4 -11.818968 
187.5 -12.662962 
187.6 -12.358696 
187.7 -12.982544 
187.8 -13.012209 
187.9 -12.883649 
188 -13.50302 
188.1 -13.093224 
188.2 -13.09823 
188.3 -12.253476 
188.4 -12.871092 
188.5 -12.84513 
188.6 -13.011915 
188.7 -12.73606 
188.8 -12.874767 
188.9 -12.289344 
189 -11.844715 
189.1 -12.112416 
189.2 -12.000427 
189.3 -12.201326 
189.4 -12.152199 
189.5 -11.515408 
189.6 -11.567544 
189.7 -11.22326 
189.8 -11.563538 
189.9 -12.090857 
190 -11.094477 
190.1 -10.775719 
190.2 20 
190.3 -60 
190.4 -56.72222 
190.5 -56.452028 
190.6 -52.239859 
190.7 -51.209369 
190.8 -45.896461 
190.9 -43.507889 
191 -41.741444 
191.1 -40.628813 
191.2 -39.213271 
191.3 -38.373059 
191.4 -36.150275 
191.5 -35.168159 
191.6 -33.932949 
191.7 -33.432601 
191.8 -32.011699 
191.9 -30.275917 
192 -29.453482 
192.1 -28.424947 
192.2 -25.086471 
192.3 -25.346526 
192.4 -23.994035 
192.5 -23.99121 
192.6 -22.989189 
192.7 -22.246117 
192.8 -21.842078 
192.9 -22.898763 
193 -21.277043 
193.1 -21.071785 
193.2 -20.389528 
193.3 -20.483748 
193.4 -21.0532 
193.5 -20.262681 
193.6 -19.066231 
193.7 -18.803474 
193.8 -19.029675 
193.9 -18.06154 
194 -16.659339 
194.1 -16.446883 
194.2 -15.745717 
194.3 -15.435811 
194.4 -15.246087 
194.5 -16.142269 
194.6 -16.998297 
194.7 -17.172741 
194.8 -16.440986 
194.9 -16.038981 
195 -16.172032 
195.1 -15.523156 
195.2 -14.975402 
195.3 -15.561553 
195.4 -14.769097 
195.5 -14.156238 
195.6 -14.815769 
195.7 -14.544488 
195.8 -14.370503 
195.9 -14.890276 
196 -14.560228 
196.1 -14.484127 
196.2 -14.869676 
196.3 -15.360288 
196.4 -13.725239 
196.5 -13.906632 
196.6 -13.988149 
196.7 -14.167398 
196.8 -13.468148 
196.9 -12.613347 
197 -12.434766 
197.1 -13.31759 
197.2 -12.327677 
197.3 -12.051023 
197.4 -11.953398 
197.5 -11.93118 
197.6 -11.662513 
197.7 -11.431681 
197.8 -11.566567 
197.9 -10.81633 
198 -11.353119 
198.1 -12.03204 
198.2 -11.947204 
198.3 -11.76337 
198.4 -11.994823 
198.5 -11.619547 
198.6 -10.937315 
198.7 -11.096142 
198.8 -10.452413 
198.9 -10.767683 
199 -11.051186 
199.1 -12.446642 
199.2 -12.479678 
199.3 -12.823791 
199.4 -12.352445 
199.5 -11.495662 
199.6 -12.096773 
199.7 -11.95996 
199.8 -11.042791 
199.9 -11.63647 


