-20 4.9671549 
-19.9 4.965749 
-19.8 4.9911195 
-19.7 4.9903744 
-19.6 5.0372502 
-19.5 4.9866742 
-19.4 4.9817909 
-19.3 5.045905 
-19.2 4.9969412 
-19.1 4.9830932 
-19 5.030086 
-18.9 4.9877192 
-18.8 5.0180991 
-18.7 5.0006585 
-18.6 5.0367794 
-18.5 4.9809621 
-18.4 5.0158731 
-18.3 4.9708312 
-18.2 5.0338624 
-18.1 5.032734 
-18 4.9733086 
-17.9 4.9925477 
-17.8 4.9972601 
-17.7 4.9788167 
-17.6 4.9888268 
-17.5 5.0010981 
-17.4 5.0151897 
-17.3 5.01419 
-17.2 4.9899727 
-17.1 5.0073991 
-17 5.0177994 
-16.9 5.0051923 
-16.8 4.9984038 
-16.7 5.0435102 
-16.6 4.9628119 
-16.5 5.0113722 
-16.4 5.0477127 
-16.3 5.0052936 
-16.2 5.024101 
-16.1 5.0050854 
-16 5.0678075 
-15.9 4.9743734 
-15.8 5.0285359 
-15.7 4.9817265 
-15.6 4.9991842 
-15.5 4.9938461 
-15.4 5.0095988 
-15.3 4.9943136 
-15.2 5.0031002 
-15.1 4.9782386 
-15 5.007742 
-14.9 5.0002791 
-14.8 5.0152966 
-14.7 4.9699161 
-14.6 4.9977036 
-14.5 5.0115938 
-14.4 4.9647307 
-14.3 5.0263602 
-14.2 4.9961251 
-14.1 5.003472 
-14 5.0124606 
-13.9 4.9886576 
-13.8 5.0162316 
-13.7 4.9628603 
-13.6 5.0042114 
-13.5 4.9494987 
-13.4 4.9834647 
-13.3 4.984178 
-13.2 5.0094898 
-13.1 5.0673096 
-13 4.9885516 
-12.9 5.0424598 
-12.8 5.0228503 
-12.7 4.9968416 
-12.6 4.9964708 
-12.5 5.0093937 
-12.4 4.9712049 
-12.3 4.9792685 
-12.2 4.9971929 
-12.1 4.9805239 
-12 4.9734459 
-11.9 4.9871436 
-11.8 4.9603032 
-11.7 5.0039055 
-11.6 5.0127977 
-11.5 5.0074003 
-11.4 4.9629778 
-11.3 5.0052426 
-11.2 4.996564 
-11.1 5.0218763 
-11 5.0207048 
-10.9 5.0022258 
-10.8 5.027972 
-10.7 5.0141903 
-10.6 4.9967816 
-10.5 4.983125 
-10.4 4.9942669 
-10.3 4.9488827 
-10.2 5.0103999 
-10.1 4.9731144 
-10 5.0192583 
-9.9 4.9947562 
-9.8 4.9888705 
-9.7 5.0266634 
-9.6 5.0149905 
-9.5 4.9809631 
-9.4 5.0110478 
-9.3 4.9976589 
-9.2 5.0360958 
-9.1 5.0013713 
-9 5.0000157 
-8.9 5.00096 
-8.8 4.9995972 
-8.7 5.012976 
-8.6 5.0113598 
-8.5 4.9853425 
-8.4 5.0160782 
-8.3 4.9807239 
-8.2 4.9910154 
-8.1 4.9875863 
-8 4.9997572 
-7.9 4.9953047 
-7.8 5.0006636 
-7.7 4.9812725 
-7.6 4.9744445 
-7.5 4.9955048 
-7.4 5.0267232 
-7.3 5.0264404 
-7.2 5.0101591 
-7.1 4.9982529 
-7 4.9987323 
-6.9 4.9805707 
-6.8 5.0581471 
-6.7 4.9905241 
-6.6 5.0291746 
-6.5 5.0018473 
-6.4 5.0232566 
-6.3 5.0034449 
-6.2 4.9905579 
-6.1 5.0111338 
-6 4.9709896 
-5.9 5.0076777 
-5.8 4.998863 
-5.7 4.9849052 
-5.6 4.9872964 
-5.5 5.0301701 
-5.4 5.0096963 
-5.3 5.0010332 
-5.2 4.9725024 
-5.1 4.9970618 
-5 4.974974 
-4.9 5.0088123 
-4.8 4.9516576 
-4.7 5.0150318 
-4.6 5.0350476 
-4.5 4.953962 
-4.4 4.9747638 
-4.3 4.9892923 
-4.2 4.9778631 
-4.1 4.9817276 
-4 5.0019251 
-3.9 4.9388314 
-3.8 5.0081873 
-3.7 4.8983787 
-3.6 4.9598017 
-3.5 4.9370036 
-3.4 4.9228505 
-3.3 4.9620869 
-3.2 4.9316394 
-3.1 4.9465296 
-3 4.9334387 
-2.9 4.9450517 
-2.8 4.9615869 
-2.7 4.9789339 
-2.6 4.9662995 
-2.5 4.9273639 
-2.4 4.9294688 
-2.3 4.9410717 
-2.2 4.9684712 
-2.1 4.9603192 
-2 4.9600517 
-1.9 4.9503273 
-1.8 4.9319316 
-1.7 4.910482 
-1.6 4.9130173 
-1.5 4.9698293 
-1.4 5.0072254 
-1.3 4.9293542 
-1.2 4.9379976 
-1.1 4.963687 
-1 4.9510545 
-0.9 4.9462716 
-0.8 4.9096199 
-0.7 4.9592502 
-0.6 4.9371258 
-0.5 4.9644964 
-0.4 4.9737004 
-0.3 4.9831304 
-0.2 4.9652994 
-0.1 5.0021886 
0 5.0133445 
0.1 5.0039817 
0.2 5.0035977 
0.3 5.0270125 
0.4 4.9689861 
0.5 5.0164342 
0.6 4.9948291 
0.7 4.954558 
0.8 4.9999194 
0.9 4.9975974 
1 4.9870956 
1.1 4.9633011 
1.2 5.0381383 
1.3 4.9919578 
1.4 5.0200494 
1.5 4.9794304 
1.6 4.9649483 
1.7 5.0287392 
1.8 4.9862929 
1.9 4.9787285 
2 5.0190106 
2.1 4.9769121 
2.2 5.0045656 
2.3 5.0088509 
2.4 5.0833604 
2.5 5.0102292 
2.6 4.9745689 
2.7 4.9830317 
2.8 5.0262085 
2.9 5.0048746 
3 4.9717089 
3.1 5.0093222 
3.2 5.0067765 
3.3 5.0205213 
3.4 5.013129 
3.5 4.9891861 
3.6 5.0086576 
3.7 4.9864749 
3.8 5.0198421 
3.9 5.008546 
4 4.9939675 
4.1 4.9964134 
4.2 4.9980122 
4.3 4.9779636 
4.4 4.9827306 
4.5 5.0267787 
4.6 5.0270107 
4.7 5.0729793 
4.8 4.9793285 
4.9 5.0053823 
5 4.993193 
5.1 4.948865 
5.2 5.0350062 
5.3 5.0223195 
5.4 5.0030145 
5.5 5.0061539 
5.6 4.9769101 
5.7 5.0180463 
5.8 5.0278897 
5.9 4.9637095 
6 4.9703759 
6.1 5.03747 
6.2 5.026434 
6.3 5.0056291 
6.4 4.9934117 
6.5 4.9681044 
6.6 5.0031439 
6.7 5.0090505 
6.8 5.0250626 
6.9 4.9927603 
7 4.9857299 
7.1 4.9935721 
7.2 4.933732 
7.3 4.9974638 
7.4 4.9670021 
7.5 4.9914996 
7.6 5.0329867 
7.7 4.9936569 
7.8 5.0106792 
7.9 5.0305934 
8 4.9579481 
8.1 5.0100897 
8.2 4.9921405 
8.3 4.9766018 
8.4 5.0254862 
8.5 4.9692724 
8.6 5.0015065 
8.7 5.0109404 
8.8 4.9940848 
8.9 5.000152 
9 5.0183992 
9.1 4.9871542 
9.2 4.951853 
9.3 4.9852113 
9.4 5.0240142 
9.5 4.9807081 
9.6 4.9496226 
9.7 4.9665598 
9.8 5.0413388 
9.9 4.96976 
10 5.0232563 
10.1 4.9893767 
10.2 5.0464512 
10.3 4.999561 
10.4 5.0063908 
10.5 5.0147057 
10.6 5.0205877 
10.7 5.0120779 
10.8 5.0182489 
10.9 4.9962922 
11 4.9936986 
11.1 5.0005414 
11.2 5.0049222 
11.3 5.0223511 
11.4 5.0111499 
11.5 4.9690921 
11.6 5.015268 
11.7 5.0166767 
11.8 4.981761 
11.9 4.9861034 
12 5.0149981 
12.1 4.974274 
12.2 4.9918579 
12.3 4.9302428 
12.4 5.0069296 
12.5 4.9846877 
12.6 5.0153498 
12.7 5.0226663 
12.8 5.0366814 
12.9 4.990386 
13 5.0149133 
13.1 5.0110327 
13.2 4.9786734 
13.3 4.9247026 
13.4 5.019969 
13.5 4.9818006 
13.6 4.947999 
13.7 4.9905349 
13.8 4.9713763 
13.9 4.9918496 
14 5.0207779 
14.1 4.9832843 
14.2 4.980407 
14.3 5.0090781 
14.4 5.0220848 
14.5 4.9897281 
14.6 5.0292727 
14.7 4.9930452 
14.8 5.0098347 
14.9 5.0200057 
15 5.0281865 
15.1 4.9951415 
15.2 4.9959551 
15.3 5.0063618 
15.4 4.9752378 
15.5 5.0175915 
15.6 4.9305516 
15.7 5.0084864 
15.8 4.9685777 
15.9 5.030018 
16 5.0374698 
16.1 5.0208526 
16.2 4.9370434 
16.3 4.9785985 
16.4 4.9946509 
16.5 4.9651214 
16.6 5.0314397 
16.7 4.9815899 
16.8 5.0395642 
16.9 4.9826942 
17 4.9612539 
17.1 5.0015129 
17.2 4.9953448 
17.3 4.9895381 
17.4 4.9838734 
17.5 4.994891 
17.6 5.0409728 
17.7 4.9982393 
17.8 5.0401765 
17.9 4.9849535 
18 4.970182 
18.1 5.0094475 
18.2 5.0009918 
18.3 5.012517 
18.4 5.0209999 
18.5 5.0055672 
18.6 4.9954788 
18.7 5.0227231 
18.8 5.0192384 
18.9 5.0074777 
19 4.9890791 
19.1 5.0249786 
19.2 4.9744941 
19.3 4.9894037 
19.4 5.0057313 
19.5 5.016051 
19.6 5.0025036 
19.7 5.0198639 
19.8 4.939207 
19.9 5.08022 
20 4.9593534 


