-1 2.7182961 
-0.99 2.6912486 
-0.98 2.6644701 
-0.97 2.6379581 
-0.96 2.6117099 
-0.95 2.5857229 
-0.94 2.5599944 
-0.93 2.534522 
-0.92 2.509303 
-0.91 2.4843349 
-0.9 2.4596153 
-0.89 2.4351416 
-0.88 2.4109115 
-0.87 2.3869224 
-0.86 2.3631721 
-0.85 2.339658 
-0.84 2.3163779 
-0.83 2.2933295 
-0.82 2.2705104 
-0.81 2.2479184 
-0.8 2.2255511 
-0.79 2.2034065 
-0.78 2.1814821 
-0.77 2.1597759 
-0.76 2.1382857 
-0.75 2.1170093 
-0.74 2.0959446 
-0.73 2.0750896 
-0.72 2.054442 
-0.71 2.0339999 
-0.7 2.0137612 
-0.69 1.9937238 
-0.68 1.9738858 
-0.67 1.9542453 
-0.66 1.9348001 
-0.65 1.9155485 
-0.64 1.8964883 
-0.63 1.8776179 
-0.62 1.8589352 
-0.61 1.8404384 
-0.6 1.8221257 
-0.59 1.8039951 
-0.58 1.786045 
-0.57 1.7682735 
-0.56 1.7506788 
-0.55 1.7332591 
-0.54 1.7160128 
-0.53 1.6989381 
-0.52 1.6820333 
-0.51 1.6652967 
-0.5 1.6487267 
-0.49 1.6323215 
-0.48 1.6160795 
-0.47 1.5999992 
-0.46 1.5840789 
-0.45 1.5683169 
-0.44 1.5527118 
-0.43 1.537262 
-0.42 1.5219659 
-0.41 1.506822 
-0.4 1.4918288 
-0.39 1.4769848 
-0.38 1.4622884 
-0.37 1.4477383 
-0.36 1.433333 
-0.35 1.419071 
-0.34 1.404951 
-0.33 1.3909714 
-0.32 1.3771309 
-0.31 1.3634281 
-0.3 1.3498617 
-0.29 1.3364303 
-0.28 1.3231325 
-0.27 1.309967 
-0.26 1.2969326 
-0.25 1.2840278 
-0.24 1.2712514 
-0.23 1.2586022 
-0.22 1.2460788 
-0.21 1.23368 
-0.2 1.2214046 
-0.19 1.2092513 
-0.18 1.197219 
-0.17 1.1853064 
-0.16 1.1735123 
-0.15 1.1618356 
-0.14 1.1502751 
-0.13 1.1388295 
-0.12 1.1274979 
-0.11 1.116279 
-0.1 1.1051718 
-0.09 1.0941751 
-0.08 1.0832878 
-0.07 1.0725088 
-0.06 1.0618371 
-0.05 1.0512715 
-0.04 1.0408111 
-0.03 1.0304548 
-0.02 1.0202015 
-0.01 1.0100503 
0 1 
0.01 0.99004975 
0.02 0.98019851 
0.03 0.97044529 
0.04 0.96078911 
0.05 0.95122902 
0.06 0.94176405 
0.07 0.93239326 
0.08 0.92311571 
0.09 0.91393047 
0.1 0.90483663 
0.11 0.89583327 
0.12 0.88691949 
0.13 0.87809442 
0.14 0.86935715 
0.15 0.86070682 
0.16 0.85214256 
0.17 0.84366351 
0.18 0.83526884 
0.19 0.82695769 
0.2 0.81872924 
0.21 0.81058267 
0.22 0.80251715 
0.23 0.79453189 
0.24 0.78662608 
0.25 0.77879894 
0.26 0.77104968 
0.27 0.76337752 
0.28 0.75578171 
0.29 0.74826147 
0.3 0.74081606 
0.31 0.73344473 
0.32 0.72614675 
0.33 0.71892139 
0.34 0.71176792 
0.35 0.70468563 
0.36 0.69767381 
0.37 0.69073175 
0.38 0.68385877 
0.39 0.67705418 
0.4 0.6703173 
0.41 0.66364745 
0.42 0.65704396 
0.43 0.65050618 
0.44 0.64403345 
0.45 0.63762513 
0.46 0.63128057 
0.47 0.62499914 
0.48 0.61878022 
0.49 0.61262317 
0.5 0.60652738 
0.51 0.60049225 
0.52 0.59451717 
0.53 0.58860154 
0.54 0.58274478 
0.55 0.57694628 
0.56 0.57120549 
0.57 0.56552182 
0.58 0.5598947 
0.59 0.55432357 
0.6 0.54880788 
0.61 0.54334706 
0.62 0.53794059 
0.63 0.53258791 
0.64 0.52728848 
0.65 0.52204179 
0.66 0.51684731 
0.67 0.51170451 
0.68 0.50661288 
0.69 0.50157192 
0.7 0.49658111 
0.71 0.49163996 
0.72 0.48674798 
0.73 0.48190467 
0.74 0.47710956 
0.75 0.47236216 
0.76 0.46766199 
0.77 0.46300859 
0.78 0.4584015 
0.79 0.45384024 
0.8 0.44932438 
0.81 0.44485344 
0.82 0.44042699 
0.83 0.43604459 
0.84 0.43170579 
0.85 0.42741016 
0.86 0.42315728 
0.87 0.41894671 
0.88 0.41477803 
0.89 0.41065084 
0.9 0.40656471 
0.91 0.40251925 
0.92 0.39851403 
0.93 0.39454866 
0.94 0.39062276 
0.95 0.38673591 
0.96 0.38288774 
0.97 0.37907786 
0.98 0.37530589 
0.99 0.37157145 
1 0.36787417 
1.01 0.36421368 
1.02 0.36058961 
1.03 0.3570016 
1.04 0.35344929 
1.05 0.34993233 
1.06 0.34645036 
1.07 0.34300304 
1.08 0.33959002 
1.09 0.33621096 
1.1 0.33286552 
1.11 0.32955337 
1.12 0.32627418 
1.13 0.32302762 
1.14 0.31981335 
1.15 0.31663107 
1.16 0.31348046 
1.17 0.31036119 
1.18 0.30727297 
1.19 0.30421547 
1.2 0.30118839 
1.21 0.29819143 
1.22 0.29522429 
1.23 0.29228668 
1.24 0.2893783 
1.25 0.28649885 
1.26 0.28364806 
1.27 0.28082563 
1.28 0.27803128 
1.29 0.27526474 
1.3 0.27252573 
1.31 0.26981397 
1.32 0.26712919 
1.33 0.26447113 
1.34 0.26183952 
1.35 0.25923409 
1.36 0.25665458 
1.37 0.25410074 
1.38 0.25157232 
1.39 0.24906905 
1.4 0.24659069 
1.41 0.24413698 
1.42 0.2417077 
1.43 0.23930258 
1.44 0.2369214 
1.45 0.23456391 
1.46 0.23222988 
1.47 0.22991907 
1.48 0.22763125 
1.49 0.2253662 
1.5 0.22312369 
1.51 0.22090349 
1.52 0.21870538 
1.53 0.21652914 
1.54 0.21437455 
1.55 0.21224141 
1.56 0.21012949 
1.57 0.20803858 
1.58 0.20596848 
1.59 0.20391898 
1.6 0.20188987 
1.61 0.19988095 
1.62 0.19789201 
1.63 0.19592287 
1.64 0.19397333 
1.65 0.19204318 
1.66 0.19013223 
1.67 0.1882403 
1.68 0.1863672 
1.69 0.18451273 
1.7 0.18267671 
1.71 0.18085897 
1.72 0.17905931 
1.73 0.17727755 
1.74 0.17551353 
1.75 0.17376706 
1.76 0.17203796 
1.77 0.17032607 
1.78 0.16863122 
1.79 0.16695323 
1.8 0.16529193 
1.81 0.16364717 
1.82 0.16201877 
1.83 0.16040657 
1.84 0.15881042 
1.85 0.15723014 
1.86 0.15566559 
1.87 0.15411661 
1.88 0.15258304 
1.89 0.15106473 
1.9 0.14956153 
1.91 0.14807329 
1.92 0.14659985 
1.93 0.14514107 
1.94 0.14369681 
1.95 0.14226692 
1.96 0.14085126 
1.97 0.13944969 
1.98 0.13806205 
1.99 0.13668823 
2 0.13532808 
2.01 0.13398146 
2.02 0.13264824 
2.03 0.13132828 
2.04 0.13002146 
2.05 0.12872764 
2.06 0.1274467 
2.07 0.1261785 
2.08 0.12492292 
2.09 0.12367983 
2.1 0.12244912 
2.11 0.12123064 
2.12 0.1200243 
2.13 0.11882995 
2.14 0.11764749 
2.15 0.1164768 
2.16 0.11531775 
2.17 0.11417024 
2.18 0.11303414 
2.19 0.11190935 
2.2 0.11079575 
2.21 0.10969323 
2.22 0.10860168 
2.23 0.10752099 
2.24 0.10645106 
2.25 0.10539177 
2.26 0.10434302 
2.27 0.10330471 
2.28 0.10227673 
2.29 0.10125897 
2.3 0.10025135 
2.31 0.099253745 
2.32 0.098266071 
2.33 0.097288225 
2.34 0.096320108 
2.35 0.095361624 
2.36 0.094412677 
2.37 0.093473172 
2.38 0.092543015 
2.39 0.091622114 
2.4 0.090710376 
2.41 0.08980771 
2.42 0.088914025 
2.43 0.088029233 
2.44 0.087153244 
2.45 0.086285972 
2.46 0.08542733 
2.47 0.084577231 
2.48 0.08373559 
2.49 0.082902324 
2.5 0.082077349 
2.51 0.081260583 
2.52 0.080451944 
2.53 0.079651351 
2.54 0.078858724 
2.55 0.078073983 
2.56 0.077297051 
2.57 0.07652785 
2.58 0.075766302 
2.59 0.075012332 
2.6 0.074265864 
2.61 0.073526823 
2.62 0.072795136 
2.63 0.07207073 
2.64 0.071353531 
2.65 0.070643469 
2.66 0.069940471 
2.67 0.069244469 
2.68 0.068555392 
2.69 0.067873172 
2.7 0.067197739 
2.71 0.066529028 
2.72 0.06586697 
2.73 0.0652115 
2.74 0.064562552 
2.75 0.063920061 
2.76 0.063283962 
2.77 0.062654194 
2.78 0.062030691 
2.79 0.061413392 
2.8 0.060802236 
2.81 0.060197161 
2.82 0.059598106 
2.83 0.059005012 
2.84 0.05841782 
2.85 0.05783647 
2.86 0.057260904 
2.87 0.056691066 
2.88 0.056126897 
2.89 0.055568342 
2.9 0.055015345 
2.91 0.054467851 
2.92 0.053925803 
2.93 0.05338915 
2.94 0.052857836 
2.95 0.052331809 
2.96 0.051811016 
2.97 0.051295405 
2.98 0.050784924 
2.99 0.050279522 
3 0.04977915 
3.01 0.049283756 
3.02 0.048793292 
3.03 0.048307707 
3.04 0.047826955 
3.05 0.047350986 
3.06 0.046879753 
3.07 0.046413208 
3.08 0.045951306 
3.09 0.045494 
3.1 0.045041244 
3.11 0.044592994 
3.12 0.044149203 
3.13 0.043709828 
3.14 0.043274825 
3.15 0.042844151 
3.16 0.042417761 
3.17 0.041995615 
3.18 0.041577668 
3.19 0.041163881 
3.2 0.04075421 
3.21 0.040348616 
3.22 0.039947058 
3.23 0.039549495 
3.24 0.039155888 
3.25 0.038766198 
3.26 0.038380385 
3.27 0.03799841 
3.28 0.037620237 
3.29 0.037245827 
3.3 0.036875141 
3.31 0.036508145 
3.32 0.0361448 
3.33 0.03578507 
3.34 0.03542892 
3.35 0.035076313 
3.36 0.034727215 
3.37 0.034381591 
3.38 0.034039405 
3.39 0.033700624 
3.4 0.033365215 
3.41 0.033033142 
3.42 0.032704374 
3.43 0.032378877 
3.44 0.032056619 
3.45 0.031737568 
3.46 0.031421691 
3.47 0.031108957 
3.48 0.030799334 
3.49 0.030492793 
3.5 0.030189302 
3.51 0.02988883 
3.52 0.029591349 
3.53 0.029296827 
3.54 0.029005236 
3.55 0.028716546 
3.56 0.028430728 
3.57 0.028147755 
3.58 0.027867597 
3.59 0.027590227 
3.6 0.027315617 
3.61 0.027043739 
3.62 0.026774566 
3.63 0.026508072 
3.64 0.026244229 
3.65 0.025983012 
3.66 0.025724394 
3.67 0.025468349 
3.68 0.025214852 
3.69 0.024963877 
3.7 0.024715399 
3.71 0.024469394 
3.72 0.024225836 
3.73 0.023984702 
3.74 0.023745968 
3.75 0.023509609 
3.76 0.023275601 
3.77 0.023043922 
3.78 0.022814548 
3.79 0.022587457 
3.8 0.022362625 
3.81 0.02214003 
3.82 0.02191965 
3.83 0.021701463 
3.84 0.021485447 
3.85 0.02127158 
3.86 0.021059842 
3.87 0.02085021 
3.88 0.020642664 
3.89 0.020437183 
3.9 0.020233747 
3.91 0.020032335 
3.92 0.019832927 
3.93 0.019635503 
3.94 0.019440043 
3.95 0.019246529 
3.96 0.01905494 
3.97 0.018865257 
3.98 0.018677462 
3.99 0.018491535 
4 0.018307458 
4.01 0.018125213 
4.02 0.017944781 
4.03 0.017766145 
4.04 0.017589286 
4.05 0.017414187 
4.06 0.01724083 
4.07 0.017069197 
4.08 0.016899273 
4.09 0.01673104 
4.1 0.01656448 
4.11 0.016399578 
4.12 0.016236316 
4.13 0.01607468 
4.14 0.015914651 
4.15 0.015756215 
4.16 0.015599355 
4.17 0.015444056 
4.18 0.015290302 
4.19 0.015138078 
4.2 0.014987368 
4.21 0.014838159 
4.22 0.014690434 
4.23 0.014544178 
4.24 0.014399379 
4.25 0.014256019 
4.26 0.014114087 
4.27 0.013973566 
4.28 0.013834444 
4.29 0.013696706 
4.3 0.013560339 
4.31 0.013425328 
4.32 0.013291661 
4.33 0.013159324 
4.34 0.013028304 
4.35 0.012898587 
4.36 0.012770161 
4.37 0.012643013 
4.38 0.01251713 
4.39 0.012392499 
4.4 0.012269109 
4.41 0.012146946 
4.42 0.012025999 
4.43 0.011906256 
4.44 0.011787703 
4.45 0.011670331 
4.46 0.011554126 
4.47 0.011439078 
4.48 0.011325174 
4.49 0.011212404 
4.5 0.011100756 
4.51 0.010990219 
4.52 0.010880781 
4.53 0.010772433 
4.54 0.010665162 
4.55 0.010558959 
4.56 0.010453813 
4.57 0.010349713 
4.58 0.010246648 
4.59 0.01014461 
4.6 0.010043586 
4.61 0.0099435679 
4.62 0.0098445448 
4.63 0.0097465071 
4.64 0.0096494448 
4.65 0.0095533483 
4.66 0.009458208 
4.67 0.0093640143 
4.68 0.0092707579 
4.69 0.0091784294 
4.7 0.0090870196 
4.71 0.0089965193 
4.72 0.0089069195 
4.73 0.0088182113 
4.74 0.0087303857 
4.75 0.008643434 
4.76 0.0085573475 
4.77 0.0084721175 
4.78 0.0083877356 
4.79 0.0083041933 
4.8 0.0082214823 
4.81 0.0081395943 
4.82 0.008058521 
4.83 0.0079782545 
4.84 0.0078987866 
4.85 0.0078201095 
4.86 0.0077422152 
4.87 0.0076650959 
4.88 0.007588744 
4.89 0.0075131518 
4.9 0.0074383118 
4.91 0.0073642164 
4.92 0.0072908584 
4.93 0.0072182302 
4.94 0.0071463247 
4.95 0.0070751346 
4.96 0.007004653 
4.97 0.0069348726 
4.98 0.0068657865 
4.99 0.0067973879 
5 0.0067296698 
5.01 0.0066626256 
5.02 0.0065962484 
5.03 0.0065305317 
5.04 0.0064654689 
5.05 0.0064010535 
5.06 0.0063372791 
5.07 0.0062741392 
5.08 0.0062116275 
5.09 0.0061497379 
5.1 0.0060884641 
5.11 0.0060277999 
5.12 0.0059677394 
5.13 0.0059082765 
5.14 0.0058494052 
5.15 0.0057911197 
5.16 0.0057334142 
5.17 0.0056762829 
5.18 0.00561972 
5.19 0.0055637199 
5.2 0.0055082771 
5.21 0.0054533859 
5.22 0.0053990409 
5.23 0.0053452366 
5.24 0.0052919677 
5.25 0.0052392288 
5.26 0.0051870147 
5.27 0.0051353201 
5.28 0.0050841399 
5.29 0.005033469 
5.3 0.0049833022 
5.31 0.0049336346 
5.32 0.0048844612 
5.33 0.0048357771 
5.34 0.0047875774 
5.35 0.0047398572 
5.36 0.004692612 
5.37 0.0046458368 
5.38 0.004599527 
5.39 0.004553678 
5.4 0.0045082853 
5.41 0.0044633442 
5.42 0.0044188502 
5.43 0.004374799 
5.44 0.0043311861 
5.45 0.0042880072 
5.46 0.0042452579 
5.47 0.0042029339 
5.48 0.0041610311 
5.49 0.0041195453 
5.5 0.0040784722 
5.51 0.0040378078 
5.52 0.003997548 
5.53 0.0039576888 
5.54 0.0039182262 
5.55 0.0038791563 
5.56 0.0038404752 
5.57 0.0038021789 
5.58 0.0037642636 
5.59 0.0037267257 
5.6 0.0036895612 
5.61 0.0036527665 
5.62 0.003616338 
5.63 0.0035802719 
5.64 0.0035445647 
5.65 0.0035092128 
5.66 0.0034742126 
5.67 0.0034395607 
5.68 0.0034052536 
5.69 0.0033712878 
5.7 0.00333766 
5.71 0.0033043668 
5.72 0.0032714049 
5.73 0.003238771 
5.74 0.0032064617 
5.75 0.003174474 
5.76 0.0031428045 
5.77 0.0031114502 
5.78 0.0030804078 
5.79 0.0030496743 
5.8 0.0030192467 
5.81 0.0029891217 
5.82 0.0029592966 
5.83 0.0029297681 
5.84 0.0029005335 
5.85 0.0028715898 
5.86 0.0028429341 
5.87 0.0028145635 
5.88 0.0027864752 
5.89 0.0027586664 
5.9 0.0027311343 
5.91 0.0027038762 
5.92 0.0026768892 
5.93 0.0026501708 
5.94 0.0026237183 
5.95 0.0025975289 
5.96 0.0025716002 
5.97 0.0025459294 
5.98 0.002520514 
5.99 0.0024953516 
6 0.0024704395 
6.01 0.0024457753 
6.02 0.0024213565 
6.03 0.0023971807 
6.04 0.0023732454 
6.05 0.0023495483 
6.06 0.002326087 
6.07 0.0023028592 
6.08 0.0022798624 
6.09 0.0022570945 
6.1 0.0022345531 
6.11 0.002212236 
6.12 0.002190141 
6.13 0.0021682658 
6.14 0.0021466083 
6.15 0.0021251662 
6.16 0.0021039376 
6.17 0.0020829201 
6.18 0.0020621118 
6.19 0.0020415105 
6.2 0.0020211142 
6.21 0.0020009209 
6.22 0.0019809285 
6.23 0.001961135 
6.24 0.0019415385 
6.25 0.0019221369 
6.26 0.0019029284 
6.27 0.001883911 
6.28 0.0018650829 
6.29 0.0018464421 
6.3 0.0018279868 
6.31 0.0018097151 
6.32 0.0017916252 
6.33 0.0017737153 
6.34 0.0017559836 
6.35 0.0017384284 
6.36 0.0017210478 
6.37 0.0017038402 
6.38 0.0016868038 
6.39 0.0016699369 
6.4 0.0016532378 
6.41 0.0016367049 
6.42 0.0016203365 
6.43 0.001604131 
6.44 0.0015880867 
6.45 0.001572202 
6.46 0.0015564754 
6.47 0.0015409053 
6.48 0.0015254901 
6.49 0.0015102283 
6.5 0.0014951184 
6.51 0.0014801588 
6.52 0.0014653481 
6.53 0.0014506847 
6.54 0.0014361672 
6.55 0.0014217942 
6.56 0.0014075642 
6.57 0.0013934758 
6.58 0.0013795275 
6.59 0.0013657181 
6.6 0.0013520461 
6.61 0.0013385101 
6.62 0.0013251087 
6.63 0.0013118408 
6.64 0.0012987048 
6.65 0.0012856996 
6.66 0.0012728237 
6.67 0.001260076 
6.68 0.0012474551 
6.69 0.0012349598 
6.7 0.0012225888 
6.71 0.001210341 
6.72 0.0011982149 
6.73 0.0011862096 
6.74 0.0011743237 
6.75 0.0011625561 
6.76 0.0011509055 
6.77 0.0011393709 
6.78 0.001127951 
6.79 0.0011166448 
6.8 0.0011054511 
6.81 0.0010943688 
6.82 0.0010833967 
6.83 0.0010725338 
6.84 0.001061779 
6.85 0.0010511312 
6.86 0.0010405894 
6.87 0.0010301524 
6.88 0.0010198193 
6.89 0.001009589 
6.9 0.00099946051 
6.91 0.00098943279 
6.92 0.00097950485 
6.93 0.0009696757 
6.94 0.00095994435 
6.95 0.00095030982 
6.96 0.00094077116 
6.97 0.00093132742 
6.98 0.00092197764 
6.99 0.00091272089 
7 0.00090355625 
7.01 0.00089448279 
7.02 0.00088549962 
7.03 0.00087660584 
7.04 0.00086780054 
7.05 0.00085908287 
7.06 0.00085045193 
7.07 0.00084190687 
7.08 0.00083344684 
7.09 0.00082507099 
7.1 0.00081677848 
7.11 0.00080856848 
7.12 0.00080044017 
7.13 0.00079239274 
7.14 0.00078442538 
7.15 0.0007765373 
7.16 0.00076872771 
7.17 0.00076099582 
7.18 0.00075334087 
7.19 0.00074576209 
7.2 0.00073825871 
7.21 0.00073083 
7.22 0.0007234752 
7.23 0.00071619358 
7.24 0.00070898442 
7.25 0.00070184699 
7.26 0.00069478058 
7.27 0.00068778448 
7.28 0.00068085799 
7.29 0.00067400042 
7.3 0.00066721109 
7.31 0.00066048931 
7.32 0.00065383441 
7.33 0.00064724573 
7.34 0.00064072261 
7.35 0.0006342644 
7.36 0.00062787044 
7.37 0.00062154011 
7.38 0.00061527276 
7.39 0.00060906778 
7.4 0.00060292454 
7.41 0.00059684242 
7.42 0.00059082082 
7.43 0.00058485914 
7.44 0.00057895677 
7.45 0.00057311314 
7.46 0.00056732765 
7.47 0.00056159973 
7.48 0.0005559288 
7.49 0.0005503143 
7.5 0.00054475566 
7.51 0.00053925233 
7.52 0.00053380376 
7.53 0.00052840941 
7.54 0.00052306873 
7.55 0.00051778119 
7.56 0.00051254627 
7.57 0.00050736343 
7.58 0.00050223216 
7.59 0.00049715195 
7.6 0.00049212228 
7.61 0.00048714267 
7.62 0.0004822126 
7.63 0.00047733159 
7.64 0.00047249914 
7.65 0.00046771478 
7.66 0.00046297802 
7.67 0.00045828839 
7.68 0.00045364543 
7.69 0.00044904866 
7.7 0.00044449764 
7.71 0.00043999189 
7.72 0.00043553098 
7.73 0.00043111446 
7.74 0.00042674188 
7.75 0.00042241281 
7.76 0.00041812682 
7.77 0.00041388347 
7.78 0.00040968234 
7.79 0.00040552301 
7.8 0.00040140507 
7.81 0.00039732811 
7.82 0.00039329171 
7.83 0.00038929547 
7.84 0.000385339 
7.85 0.0003814219 
7.86 0.00037754377 
7.87 0.00037370423 
7.88 0.00036990289 
7.89 0.00036613938 
7.9 0.00036241331 
7.91 0.00035872432 
7.92 0.00035507204 
7.93 0.00035145609 
7.94 0.00034787613 
7.95 0.00034433178 
7.96 0.00034082271 
7.97 0.00033734855 
7.98 0.00033390896 
7.99 0.00033050359 
8 0.0003271321 
8.01 0.00032379417 
8.02 0.00032048944 
8.03 0.0003172176 
8.04 0.00031397832 
8.05 0.00031077126 
8.06 0.00030759612 
8.07 0.00030445257 
8.08 0.0003013403 
8.09 0.00029825899 
8.1 0.00029520835 
8.11 0.00029218806 
8.12 0.00028919782 
8.13 0.00028623734 
8.14 0.00028330631 
8.15 0.00028040445 
8.16 0.00027753146 
8.17 0.00027468706 
8.18 0.00027187096 
8.19 0.00026908288 
8.2 0.00026632254 
8.21 0.00026358967 
8.22 0.00026088399 
8.23 0.00025820523 
8.24 0.00025555313 
8.25 0.00025292742 
8.26 0.00025032783 
8.27 0.00024775411 
8.28 0.00024520599 
8.29 0.00024268324 
8.3 0.00024018558 
8.31 0.00023771277 
8.32 0.00023526457 
8.33 0.00023284074 
8.34 0.00023044101 
8.35 0.00022806517 
8.36 0.00022571296 
8.37 0.00022338417 
8.38 0.00022107854 
8.39 0.00021879585 
8.4 0.00021653588 
8.41 0.00021429839 
8.42 0.00021208317 
8.43 0.00020988999 
8.44 0.00020771863 
8.45 0.00020556888 
8.46 0.00020344052 
8.47 0.00020133333 
8.48 0.00019924711 
8.49 0.00019718165 
8.5 0.00019513675 
8.51 0.00019311218 
8.52 0.00019110777 
8.53 0.0001891233 
8.54 0.00018715857 
8.55 0.00018521339 
8.56 0.00018328757 
8.57 0.00018138091 
8.58 0.00017949322 
8.59 0.00017762432 
8.6 0.00017577401 
8.61 0.00017394211 
8.62 0.00017212844 
8.63 0.00017033281 
8.64 0.00016855506 
8.65 0.00016679499 
8.66 0.00016505243 
8.67 0.00016332722 
8.68 0.00016161916 
8.69 0.00015992811 
8.7 0.00015825388 
8.71 0.00015659631 
8.72 0.00015495523 
8.73 0.00015333048 
8.74 0.0001517219 
8.75 0.00015012933 
8.76 0.0001485526 
8.77 0.00014699156 
8.78 0.00014544605 
8.79 0.00014391592 
8.8 0.00014240101 
8.81 0.00014090118 
8.82 0.00013941627 
8.83 0.00013794614 
8.84 0.00013649063 
8.85 0.00013504961 
8.86 0.00013362293 
8.87 0.00013221044 
8.88 0.00013081201 
8.89 0.00012942749 
8.9 0.00012805674 
8.91 0.00012669964 
8.92 0.00012535604 
8.93 0.00012402581 
8.94 0.00012270881 
8.95 0.00012140492 
8.96 0.000120114 
8.97 0.00011883593 
8.98 0.00011757058 
8.99 0.00011631781 
9 0.00011507751 
9.01 0.00011384955 
9.02 0.00011263381 
9.03 0.00011143017 
9.04 0.00011023851 
9.05 0.0001090587 
9.06 0.00010789063 
9.07 0.00010673418 
9.08 0.00010558924 
9.09 0.00010445569 
9.1 0.00010333342 
9.11 0.00010222232 
9.12 0.00010112227 
9.13 0.00010003317 
9.14 9.8954904e-05 
9.15 9.7887368e-05 
9.16 9.6830455e-05 
9.17 9.5784058e-05 
9.18 9.4748073e-05 
9.19 9.3722396e-05 
9.2 9.2706924e-05 
9.21 9.1701557e-05 
9.22 9.0706194e-05 
9.23 8.9720734e-05 
9.24 8.874508e-05 
9.25 8.7779134e-05 
9.26 8.6822799e-05 
9.27 8.5875979e-05 
9.28 8.4938581e-05 
9.29 8.401051e-05 
9.3 8.3091674e-05 
9.31 8.218198e-05 
9.32 8.1281338e-05 
9.33 8.0389657e-05 
9.34 7.9506849e-05 
9.35 7.8632824e-05 
9.36 7.7767497e-05 
9.37 7.6910779e-05 
9.38 7.6062586e-05 
9.39 7.5222833e-05 
9.4 7.4391435e-05 
9.41 7.356831e-05 
9.42 7.2753376e-05 
9.43 7.1946549e-05 
9.44 7.1147751e-05 
9.45 7.0356902e-05 
9.46 6.9573921e-05 
9.47 6.8798731e-05 
9.48 6.8031254e-05 
9.49 6.7271414e-05 
9.5 6.6519134e-05 
9.51 6.577434e-05 
9.52 6.5036956e-05 
9.53 6.430691e-05 
9.54 6.3584128e-05 
9.55 6.2868537e-05 
9.56 6.2160067e-05 
9.57 6.1458646e-05 
9.58 6.0764204e-05 
9.59 6.0076672e-05 
9.6 5.9395981e-05 
9.61 5.8722064e-05 
9.62 5.8054851e-05 
9.63 5.7394278e-05 
9.64 5.6740278e-05 
9.65 5.6092784e-05 
9.66 5.5451734e-05 
9.67 5.4817062e-05 
9.68 5.4188705e-05 
9.69 5.3566601e-05 
9.7 5.2950686e-05 
9.71 5.23409e-05 
9.72 5.1737182e-05 
9.73 5.113947e-05 
9.74 5.0547706e-05 
9.75 4.996183e-05 
9.76 4.9381784e-05 
9.77 4.8807509e-05 
9.78 4.8238948e-05 
9.79 4.7676045e-05 
9.8 4.7118742e-05 
9.81 4.6566985e-05 
9.82 4.6020718e-05 
9.83 4.5479886e-05 
9.84 4.4944436e-05 
9.85 4.4414313e-05 
9.86 4.3889465e-05 
9.87 4.336984e-05 
9.88 4.2855385e-05 
9.89 4.2346049e-05 
9.9 4.1841781e-05 
9.91 4.134253e-05 
9.92 4.0848247e-05 
9.93 4.0358882e-05 
9.94 3.9874387e-05 
9.95 3.9394712e-05 
9.96 3.891981e-05 
9.97 3.8449634e-05 
9.98 3.7984136e-05 
9.99 3.7523269e-05 


