-1 -1.5097323 
-0.99 -1.4892923 
-0.98 -1.4689725 
-0.97 -1.4487722 
-0.96 -1.4286909 
-0.95 -1.4087278 
-0.94 -1.3888825 
-0.93 -1.3691542 
-0.92 -1.3495426 
-0.91 -1.3300468 
-0.9 -1.3106666 
-0.89 -1.2914012 
-0.88 -1.2722501 
-0.87 -1.253213 
-0.86 -1.2342892 
-0.85 -1.2154783 
-0.84 -1.1967798 
-0.83 -1.1781933 
-0.82 -1.1597183 
-0.81 -1.1413544 
-0.8 -1.1231011 
-0.79 -1.1049581 
-0.78 -1.0869249 
-0.77 -1.0690012 
-0.76 -1.0511866 
-0.75 -1.0334806 
-0.74 -1.0158831 
-0.73 -0.99839348 
-0.72 -0.98101157 
-0.71 -0.96373701 
-0.7 -0.94656947 
-0.69 -0.92950865 
-0.68 -0.91255426 
-0.67 -0.895706 
-0.66 -0.87896359 
-0.65 -0.86232676 
-0.64 -0.84579526 
-0.63 -0.82936882 
-0.62 -0.81304721 
-0.61 -0.79683019 
-0.6 -0.78071753 
-0.59 -0.76470902 
-0.58 -0.74880443 
-0.57 -0.73300356 
-0.56 -0.71730622 
-0.55 -0.70171222 
-0.54 -0.68622137 
-0.53 -0.6708335 
-0.52 -0.65554844 
-0.51 -0.64036604 
-0.5 -0.62528612 
-0.49 -0.61030855 
-0.48 -0.59543318 
-0.47 -0.58065987 
-0.46 -0.5659885 
-0.45 -0.55141893 
-0.44 -0.53695106 
-0.43 -0.52258476 
-0.42 -0.50831993 
-0.41 -0.49415647 
-0.4 -0.48009427 
-0.39 -0.46613324 
-0.38 -0.4522733 
-0.37 -0.43851436 
-0.36 -0.42485635 
-0.35 -0.41129918 
-0.34 -0.39784279 
-0.33 -0.38448711 
-0.32 -0.37123207 
-0.31 -0.35807763 
-0.3 -0.34502373 
-0.29 -0.3320703 
-0.28 -0.31921731 
-0.27 -0.30646472 
-0.26 -0.29381247 
-0.25 -0.28126054 
-0.24 -0.26880888 
-0.23 -0.25645747 
-0.22 -0.24420627 
-0.21 -0.23205526 
-0.2 -0.22000441 
-0.19 -0.2080537 
-0.18 -0.19620311 
-0.17 -0.18445263 
-0.16 -0.17280222 
-0.15 -0.16125189 
-0.14 -0.14980162 
-0.13 -0.1384514 
-0.12 -0.12720121 
-0.11 -0.11605105 
-0.1 -0.10500092 
-0.09 -0.094050799 
-0.08 -0.083200694 
-0.07 -0.072450597 
-0.06 -0.061800506 
-0.05 -0.051250419 
-0.04 -0.040800334 
-0.03 -0.03045025 
-0.02 -0.020200167 
-0.01 -0.010050083 
0 0 
0.01 0.0099500833 
0.02 0.019800167 
0.03 0.02955025 
0.04 0.039200334 
0.05 0.048750419 
0.06 0.058200506 
0.07 0.067550597 
0.08 0.076800693 
0.09 0.085950797 
0.1 0.095000914 
0.11 0.10395105 
0.12 0.1128012 
0.13 0.12155138 
0.14 0.1302016 
0.15 0.13875186 
0.16 0.14720218 
0.17 0.15555256 
0.18 0.16380302 
0.19 0.17195357 
0.2 0.18000423 
0.21 0.18795502 
0.22 0.19580596 
0.23 0.20355706 
0.24 0.21120835 
0.25 0.21875986 
0.26 0.22621161 
0.27 0.23356364 
0.28 0.24081598 
0.29 0.24796865 
0.3 0.2550217 
0.31 0.26197517 
0.32 0.26882909 
0.33 0.27558352 
0.34 0.2822385 
0.35 0.28879407 
0.36 0.2952503 
0.37 0.30160724 
0.38 0.30786494 
0.39 0.31402347 
0.4 0.32008289 
0.41 0.32604327 
0.42 0.33190468 
0.43 0.3376672 
0.44 0.3433309 
0.45 0.34889587 
0.46 0.35436218 
0.47 0.35972993 
0.48 0.3649992 
0.49 0.3701701 
0.5 0.37524272 
0.51 0.38021716 
0.52 0.38509353 
0.53 0.38987193 
0.54 0.39455249 
0.55 0.39913533 
0.56 0.40362055 
0.57 0.40800829 
0.58 0.41229868 
0.59 0.41649184 
0.6 0.42058793 
0.61 0.42458708 
0.62 0.42848943 
0.63 0.43229514 
0.64 0.43600436 
0.65 0.43961726 
0.66 0.44313398 
0.67 0.44655471 
0.68 0.44987962 
0.69 0.45310887 
0.7 0.45624265 
0.71 0.45928116 
0.72 0.46222457 
0.73 0.46507308 
0.74 0.4678269 
0.75 0.47048622 
0.76 0.47305126 
0.77 0.47552222 
0.78 0.47789933 
0.79 0.48018282 
0.8 0.4823729 
0.81 0.48446981 
0.82 0.48647378 
0.83 0.48838507 
0.84 0.49020392 
0.85 0.49193057 
0.86 0.49356529 
0.87 0.49510834 
0.88 0.49655998 
0.89 0.49792049 
0.9 0.49919014 
0.91 0.50036921 
0.92 0.501458 
0.93 0.50245679 
0.94 0.50336587 
0.95 0.50418556 
0.96 0.50491616 
0.97 0.50555798 
0.98 0.50611133 
0.99 0.50657654 
1 0.50695394 
1.01 0.50724385 
1.02 0.50744662 
1.03 0.50756258 
1.04 0.50759209 
1.05 0.50753549 
1.06 0.50739315 
1.07 0.50716542 
1.08 0.50685267 
1.09 0.50645528 
1.1 0.50597363 
1.11 0.50540808 
1.12 0.50475905 
1.13 0.50402691 
1.14 0.50321206 
1.15 0.50231491 
1.16 0.50133587 
1.17 0.50027534 
1.18 0.49913375 
1.19 0.49791152 
1.2 0.49660908 
1.21 0.49522686 
1.22 0.49376529 
1.23 0.49222483 
1.24 0.49060591 
1.25 0.488909 
1.26 0.48713455 
1.27 0.48528301 
1.28 0.48335487 
1.29 0.48135059 
1.3 0.47927064 
1.31 0.47711552 
1.32 0.4748857 
1.33 0.47258168 
1.34 0.47020395 
1.35 0.46775302 
1.36 0.46522939 
1.37 0.46263358 
1.38 0.45996609 
1.39 0.45722744 
1.4 0.45441817 
1.41 0.45153879 
1.42 0.44858985 
1.43 0.44557187 
1.44 0.44248541 
1.45 0.43933101 
1.46 0.43610922 
1.47 0.43282059 
1.48 0.42946569 
1.49 0.42604508 
1.5 0.42255933 
1.51 0.41900901 
1.52 0.41539469 
1.53 0.41171697 
1.54 0.40797642 
1.55 0.40417364 
1.56 0.40030922 
1.57 0.39638375 
1.58 0.39239784 
1.59 0.38835209 
1.6 0.38424711 
1.61 0.38008352 
1.62 0.37586193 
1.63 0.37158297 
1.64 0.36724726 
1.65 0.36285542 
1.66 0.3584081 
1.67 0.35390592 
1.68 0.34934952 
1.69 0.34473955 
1.7 0.34007666 
1.71 0.33536149 
1.72 0.3305947 
1.73 0.32577694 
1.74 0.32090888 
1.75 0.31599117 
1.76 0.31102449 
1.77 0.3060095 
1.78 0.30094688 
1.79 0.2958373 
1.8 0.29068144 
1.81 0.28547998 
1.82 0.28023361 
1.83 0.27494301 
1.84 0.26960888 
1.85 0.26423191 
1.86 0.25881278 
1.87 0.25335221 
1.88 0.2478509 
1.89 0.24230954 
1.9 0.23672884 
1.91 0.23110951 
1.92 0.22545226 
1.93 0.21975781 
1.94 0.21402686 
1.95 0.20826015 
1.96 0.20245838 
1.97 0.19662228 
1.98 0.19075257 
1.99 0.18484998 
2 0.17891523 
2.01 0.17294906 
2.02 0.1669522 
2.03 0.16092537 
2.04 0.15486932 
2.05 0.14878478 
2.06 0.14267249 
2.07 0.13653318 
2.08 0.13036761 
2.09 0.1241765 
2.1 0.11796061 
2.11 0.11172068 
2.12 0.10545745 
2.13 0.099171668 
2.14 0.092864089 
2.15 0.086535458 
2.16 0.080186525 
2.17 0.073818041 
2.18 0.067430757 
2.19 0.061025427 
2.2 0.054602802 
2.21 0.048163636 
2.22 0.041708684 
2.23 0.035238701 
2.24 0.02875444 
2.25 0.022256659 
2.26 0.015746112 
2.27 0.0092235549 
2.28 0.0026897445 
2.29 -0.0038545632 
2.3 -0.010408612 
2.31 -0.016971646 
2.32 -0.023542909 
2.33 -0.030121645 
2.34 -0.036707099 
2.35 -0.043298514 
2.36 -0.049895137 
2.37 -0.056496212 
2.38 -0.063100986 
2.39 -0.069708704 
2.4 -0.076318615 
2.41 -0.082929966 
2.42 -0.089542006 
2.43 -0.096153983 
2.44 -0.10276515 
2.45 -0.10937475 
2.46 -0.11598205 
2.47 -0.12258629 
2.48 -0.12918674 
2.49 -0.13578264 
2.5 -0.14237325 
2.51 -0.14895783 
2.52 -0.15553564 
2.53 -0.16210595 
2.54 -0.16866801 
2.55 -0.17522109 
2.56 -0.18176446 
2.57 -0.18829738 
2.58 -0.19481913 
2.59 -0.20132897 
2.6 -0.20782618 
2.61 -0.21431004 
2.62 -0.22077982 
2.63 -0.2272348 
2.64 -0.23367427 
2.65 -0.2400975 
2.66 -0.24650379 
2.67 -0.25289243 
2.68 -0.2592627 
2.69 -0.2656139 
2.7 -0.27194533 
2.71 -0.27825628 
2.72 -0.28454606 
2.73 -0.29081398 
2.74 -0.29705934 
2.75 -0.30328144 
2.76 -0.30947962 
2.77 -0.31565317 
2.78 -0.32180143 
2.79 -0.32792371 
2.8 -0.33401933 
2.81 -0.34008764 
2.82 -0.34612796 
2.83 -0.35213963 
2.84 -0.35812199 
2.85 -0.36407438 
2.86 -0.36999614 
2.87 -0.37588663 
2.88 -0.38174521 
2.89 -0.38757122 
2.9 -0.39336403 
2.91 -0.39912301 
2.92 -0.40484753 
2.93 -0.41053695 
2.94 -0.41619067 
2.95 -0.42180804 
2.96 -0.42738848 
2.97 -0.43293135 
2.98 -0.43843606 
2.99 -0.44390201 
3 -0.4493286 
3.01 -0.45471524 
3.02 -0.46006133 
3.03 -0.4653663 
3.04 -0.47062956 
3.05 -0.47585054 
3.06 -0.48102868 
3.07 -0.4861634 
3.08 -0.49125414 
3.09 -0.49630036 
3.1 -0.5013015 
3.11 -0.50625701 
3.12 -0.51116636 
3.13 -0.51602901 
3.14 -0.52084443 
3.15 -0.52561209 
3.16 -0.53033147 
3.17 -0.53500207 
3.18 -0.53962336 
3.19 -0.54419486 
3.2 -0.54871605 
3.21 -0.55318644 
3.22 -0.55760556 
3.23 -0.56197291 
3.24 -0.56628801 
3.25 -0.57055041 
3.26 -0.57475963 
3.27 -0.57891521 
3.28 -0.5830167 
3.29 -0.58706366 
3.3 -0.59105563 
3.31 -0.59499219 
3.32 -0.5988729 
3.33 -0.60269733 
3.34 -0.60646508 
3.35 -0.61017573 
3.36 -0.61382886 
3.37 -0.61742409 
3.38 -0.62096102 
3.39 -0.62443925 
3.4 -0.62785841 
3.41 -0.63121813 
3.42 -0.63451802 
3.43 -0.63775774 
3.44 -0.64093692 
3.45 -0.64405521 
3.46 -0.64711227 
3.47 -0.65010777 
3.48 -0.65304137 
3.49 -0.65591274 
3.5 -0.65872157 
3.51 -0.66146755 
3.52 -0.66415038 
3.53 -0.66676975 
3.54 -0.66932537 
3.55 -0.67181697 
3.56 -0.67424425 
3.57 -0.67660696 
3.58 -0.67890482 
3.59 -0.68113757 
3.6 -0.68330498 
3.61 -0.68540679 
3.62 -0.68744276 
3.63 -0.68941266 
3.64 -0.69131628 
3.65 -0.69315339 
3.66 -0.69492379 
3.67 -0.69662727 
3.68 -0.69826363 
3.69 -0.69983269 
3.7 -0.70133426 
3.71 -0.70276818 
3.72 -0.70413426 
3.73 -0.70543236 
3.74 -0.70666231 
3.75 -0.70782397 
3.76 -0.70891721 
3.77 -0.70994188 
3.78 -0.71089786 
3.79 -0.71178503 
3.8 -0.71260329 
3.81 -0.71335252 
3.82 -0.71403263 
3.83 -0.71464354 
3.84 -0.71518515 
3.85 -0.71565739 
3.86 -0.71606019 
3.87 -0.7163935 
3.88 -0.71665725 
3.89 -0.71685141 
3.9 -0.71697592 
3.91 -0.71703076 
3.92 -0.7170159 
3.93 -0.71693133 
3.94 -0.71677702 
3.95 -0.71655299 
3.96 -0.71625922 
3.97 -0.71589574 
3.98 -0.71546255 
3.99 -0.71495969 
4 -0.71438718 
4.01 -0.71374507 
4.02 -0.71303339 
4.03 -0.71225221 
4.04 -0.71140158 
4.05 -0.71048157 
4.06 -0.70949226 
4.07 -0.70843372 
4.08 -0.70730605 
4.09 -0.70610933 
4.1 -0.70484369 
4.11 -0.70350921 
4.12 -0.70210602 
4.13 -0.70063425 
4.14 -0.69909403 
4.15 -0.69748549 
4.16 -0.69580877 
4.17 -0.69406404 
4.18 -0.69225145 
4.19 -0.69037116 
4.2 -0.68842335 
4.21 -0.6864082 
4.22 -0.68432589 
4.23 -0.68217662 
4.24 -0.67996059 
4.25 -0.677678 
4.26 -0.67532907 
4.27 -0.67291402 
4.28 -0.67043308 
4.29 -0.66788648 
4.3 -0.66527447 
4.31 -0.66259728 
4.32 -0.65985518 
4.33 -0.65704842 
4.34 -0.65417728 
4.35 -0.65124202 
4.36 -0.64824293 
4.37 -0.64518029 
4.38 -0.6420544 
4.39 -0.63886556 
4.4 -0.63561407 
4.41 -0.63230025 
4.42 -0.62892442 
4.43 -0.62548689 
4.44 -0.62198801 
4.45 -0.61842811 
4.46 -0.61480754 
4.47 -0.61112664 
4.48 -0.60738578 
4.49 -0.60358531 
4.5 -0.5997256 
4.51 -0.59580704 
4.52 -0.59182999 
4.53 -0.58779485 
4.54 -0.58370201 
4.55 -0.57955186 
4.56 -0.57534482 
4.57 -0.57108129 
4.58 -0.56676169 
4.59 -0.56238644 
4.6 -0.55795596 
4.61 -0.5534707 
4.62 -0.54893108 
4.63 -0.54433756 
4.64 -0.53969058 
4.65 -0.53499059 
4.66 -0.53023807 
4.67 -0.52543347 
4.68 -0.52057726 
4.69 -0.51566992 
4.7 -0.51071193 
4.71 -0.50570378 
4.72 -0.50064597 
4.73 -0.49553898 
4.74 -0.49038332 
4.75 -0.48517949 
4.76 -0.47992802 
4.77 -0.4746294 
4.78 -0.46928418 
4.79 -0.46389286 
4.8 -0.45845599 
4.81 -0.45297409 
4.82 -0.44744771 
4.83 -0.4418774 
4.84 -0.43626369 
4.85 -0.43060716 
4.86 -0.42490834 
4.87 -0.41916781 
4.88 -0.41338612 
4.89 -0.40756386 
4.9 -0.4017016 
4.91 -0.39579991 
4.92 -0.38985938 
4.93 -0.38388059 
4.94 -0.37786414 
4.95 -0.37181062 
4.96 -0.36572062 
4.97 -0.35959476 
4.98 -0.35343362 
4.99 -0.34723784 
5 -0.34100801 
5.01 -0.33474475 
5.02 -0.32844869 
5.03 -0.32212044 
5.04 -0.31576064 
5.05 -0.3093699 
5.06 -0.30294887 
5.07 -0.29649818 
5.08 -0.29001847 
5.09 -0.28351038 
5.1 -0.27697456 
5.11 -0.27041165 
5.12 -0.26382229 
5.13 -0.25720716 
5.14 -0.2505669 
5.15 -0.24390216 
5.16 -0.23721362 
5.17 -0.23050193 
5.18 -0.22376775 
5.19 -0.21701177 
5.2 -0.21023464 
5.21 -0.20343703 
5.22 -0.19661963 
5.23 -0.18978311 
5.24 -0.18292815 
5.25 -0.17605543 
5.26 -0.16916562 
5.27 -0.16225941 
5.28 -0.1553375 
5.29 -0.14840056 
5.3 -0.14144929 
5.31 -0.13448436 
5.32 -0.12750649 
5.33 -0.12051635 
5.34 -0.11351465 
5.35 -0.10650208 
5.36 -0.099479325 
5.37 -0.092447097 
5.38 -0.08540609 
5.39 -0.078357003 
5.4 -0.071300536 
5.41 -0.064237391 
5.42 -0.05716827 
5.43 -0.050093874 
5.44 -0.043014908 
5.45 -0.035932074 
5.46 -0.028846076 
5.47 -0.02175762 
5.48 -0.014667408 
5.49 -0.0075761469 
5.5 -0.00048454091 
5.51 0.0066067049 
5.52 0.013696885 
5.53 0.020785296 
5.54 0.027871231 
5.55 0.034953986 
5.56 0.042032857 
5.57 0.049107141 
5.58 0.056176132 
5.59 0.063239129 
5.6 0.070295428 
5.61 0.077344328 
5.62 0.084385127 
5.63 0.091417126 
5.64 0.098439624 
5.65 0.10545192 
5.66 0.11245332 
5.67 0.11944313 
5.68 0.12642065 
5.69 0.13338519 
5.7 0.14033605 
5.71 0.14727254 
5.72 0.15419397 
5.73 0.16109966 
5.74 0.16798891 
5.75 0.17486104 
5.76 0.18171537 
5.77 0.18855121 
5.78 0.19536789 
5.79 0.20216471 
5.8 0.20894102 
5.81 0.21569613 
5.82 0.22242937 
5.83 0.22914007 
5.84 0.23582756 
5.85 0.24249118 
5.86 0.24913027 
5.87 0.25574415 
5.88 0.26233218 
5.89 0.26889369 
5.9 0.27542804 
5.91 0.28193458 
5.92 0.28841265 
5.93 0.29486161 
5.94 0.30128081 
5.95 0.30766963 
5.96 0.31402742 
5.97 0.32035355 
5.98 0.32664739 
5.99 0.33290831 
6 0.33913569 
6.01 0.34532891 
6.02 0.35148735 
6.03 0.3576104 
6.04 0.36369745 
6.05 0.36974789 
6.06 0.37576112 
6.07 0.38173654 
6.08 0.38767356 
6.09 0.39357158 
6.1 0.39943002 
6.11 0.40524829 
6.12 0.41102581 
6.13 0.41676201 
6.14 0.42245632 
6.15 0.42810817 
6.16 0.43371699 
6.17 0.43928223 
6.18 0.44480334 
6.19 0.45027975 
6.2 0.45571094 
6.21 0.46109635 
6.22 0.46643545 
6.23 0.47172771 
6.24 0.4769726 
6.25 0.4821696 
6.26 0.48731819 
6.27 0.49241785 
6.28 0.49746809 
6.29 0.50246839 
6.3 0.50741826 
6.31 0.5123172 
6.32 0.51716473 
6.33 0.52196037 
6.34 0.52670363 
6.35 0.53139404 
6.36 0.53603114 
6.37 0.54061447 
6.38 0.54514356 
6.39 0.54961797 
6.4 0.55403725 
6.41 0.55840097 
6.42 0.56270867 
6.43 0.56695995 
6.44 0.57115436 
6.45 0.57529151 
6.46 0.57937096 
6.47 0.58339233 
6.48 0.5873552 
6.49 0.59125918 
6.5 0.59510388 
6.51 0.59888892 
6.52 0.60261393 
6.53 0.60627853 
6.54 0.60988235 
6.55 0.61342504 
6.56 0.61690625 
6.57 0.62032563 
6.58 0.62368283 
6.59 0.62697753 
6.6 0.63020939 
6.61 0.6333781 
6.62 0.63648333 
6.63 0.63952478 
6.64 0.64250215 
6.65 0.64541514 
6.66 0.64826346 
6.67 0.65104682 
6.68 0.65376495 
6.69 0.65641759 
6.7 0.65900445 
6.71 0.6615253 
6.72 0.66397986 
6.73 0.66636792 
6.74 0.66868921 
6.75 0.67094352 
6.76 0.67313062 
6.77 0.67525029 
6.78 0.67730232 
6.79 0.6792865 
6.8 0.68120265 
6.81 0.68305057 
6.82 0.68483007 
6.83 0.68654098 
6.84 0.68818312 
6.85 0.68975635 
6.86 0.69126049 
6.87 0.6926954 
6.88 0.69406094 
6.89 0.69535697 
6.9 0.69658336 
6.91 0.69773999 
6.92 0.69882676 
6.93 0.69984354 
6.94 0.70079024 
6.95 0.70166676 
6.96 0.70247302 
6.97 0.70320894 
6.98 0.70387445 
6.99 0.70446947 
7 0.70499396 
7.01 0.70544786 
7.02 0.70583112 
7.03 0.70614371 
7.04 0.7063856 
7.05 0.70655676 
7.06 0.70665719 
7.07 0.70668686 
7.08 0.70664577 
7.09 0.70653394 
7.1 0.70635138 
7.11 0.70609809 
7.12 0.70577412 
7.13 0.70537948 
7.14 0.70491423 
7.15 0.70437841 
7.16 0.70377208 
7.17 0.70309529 
7.18 0.70234811 
7.19 0.70153062 
7.2 0.70064291 
7.21 0.69968506 
7.22 0.69865716 
7.23 0.69755933 
7.24 0.69639167 
7.25 0.6951543 
7.26 0.69384734 
7.27 0.69247093 
7.28 0.6910252 
7.29 0.6895103 
7.3 0.68792639 
7.31 0.68627361 
7.32 0.68455214 
7.33 0.68276215 
7.34 0.68090382 
7.35 0.67897733 
7.36 0.67698288 
7.37 0.67492067 
7.38 0.67279091 
7.39 0.6705938 
7.4 0.66832957 
7.41 0.66599846 
7.42 0.66360068 
7.43 0.66113648 
7.44 0.65860611 
7.45 0.65600982 
7.46 0.65334787 
7.47 0.65062053 
7.48 0.64782807 
7.49 0.64497077 
7.5 0.64204892 
7.51 0.63906281 
7.52 0.63601274 
7.53 0.63289902 
7.54 0.62972195 
7.55 0.62648186 
7.56 0.62317906 
7.57 0.6198139 
7.58 0.61638671 
7.59 0.61289782 
7.6 0.6093476 
7.61 0.60573639 
7.62 0.60206456 
7.63 0.59833247 
7.64 0.5945405 
7.65 0.59068904 
7.66 0.58677845 
7.67 0.58280914 
7.68 0.5787815 
7.69 0.57469594 
7.7 0.57055287 
7.71 0.56635269 
7.72 0.56209584 
7.73 0.55778273 
7.74 0.5534138 
7.75 0.54898949 
7.76 0.54451023 
7.77 0.53997648 
7.78 0.53538869 
7.79 0.53074732 
7.8 0.52605284 
7.81 0.52130571 
7.82 0.5165064 
7.83 0.51165541 
7.84 0.50675322 
7.85 0.50180031 
7.86 0.49679718 
7.87 0.49174433 
7.88 0.48664227 
7.89 0.48149151 
7.9 0.47629256 
7.91 0.47104595 
7.92 0.46575219 
7.93 0.46041183 
7.94 0.45502539 
7.95 0.44959341 
7.96 0.44411643 
7.97 0.43859501 
7.98 0.4330297 
7.99 0.42742105 
8 0.42176962 
8.01 0.41607598 
8.02 0.41034071 
8.03 0.40456436 
8.04 0.39874753 
8.05 0.39289079 
8.06 0.38699473 
8.07 0.38105994 
8.08 0.37508701 
8.09 0.36907655 
8.1 0.36302914 
8.11 0.3569454 
8.12 0.35082594 
8.13 0.34467137 
8.14 0.3384823 
8.15 0.33225935 
8.16 0.32600315 
8.17 0.31971432 
8.18 0.31339349 
8.19 0.30704129 
8.2 0.30065836 
8.21 0.29424534 
8.22 0.28780287 
8.23 0.28133158 
8.24 0.27483214 
8.25 0.2683052 
8.26 0.26175139 
8.27 0.25517138 
8.28 0.24856583 
8.29 0.2419354 
8.3 0.23528075 
8.31 0.22860255 
8.32 0.22190147 
8.33 0.21517816 
8.34 0.20843332 
8.35 0.20166761 
8.36 0.19488171 
8.37 0.1880763 
8.38 0.18125206 
8.39 0.17440967 
8.4 0.16754982 
8.41 0.16067318 
8.42 0.15378046 
8.43 0.14687234 
8.44 0.13994951 
8.45 0.13301267 
8.46 0.1260625 
8.47 0.1190997 
8.48 0.11212498 
8.49 0.10513902 
8.5 0.098142525 
8.51 0.091136196 
8.52 0.084120734 
8.53 0.07709684 
8.54 0.070065217 
8.55 0.063026567 
8.56 0.055981596 
8.57 0.048931007 
8.58 0.041875507 
8.59 0.0348158 
8.6 0.027752592 
8.61 0.020686592 
8.62 0.013618504 
8.63 0.0065490364 
8.64 -0.00052110396 
8.65 -0.0075912099 
8.66 -0.014660574 
8.67 -0.02172849 
8.68 -0.02879425 
8.69 -0.035857147 
8.7 -0.042916476 
8.71 -0.04997153 
8.72 -0.057021603 
8.73 -0.06406599 
8.74 -0.071103987 
8.75 -0.07813489 
8.76 -0.085157995 
8.77 -0.092172599 
8.78 -0.099178003 
8.79 -0.1061735 
8.8 -0.1131584 
8.81 -0.120132 
8.82 -0.1270936 
8.83 -0.13404251 
8.84 -0.14097802 
8.85 -0.14789946 
8.86 -0.15480611 
8.87 -0.1616973 
8.88 -0.16857234 
8.89 -0.17543053 
8.9 -0.1822712 
8.91 -0.18909365 
8.92 -0.1958972 
8.93 -0.20268118 
8.94 -0.2094449 
8.95 -0.21618769 
8.96 -0.22290888 
8.97 -0.22960779 
8.98 -0.23628375 
8.99 -0.24293609 
9 -0.24956416 
9.01 -0.25616728 
9.02 -0.2627448 
9.03 -0.26929605 
9.04 -0.27582039 
9.05 -0.28231715 
9.06 -0.2887857 
9.07 -0.29522538 
9.08 -0.30163555 
9.09 -0.30801557 
9.1 -0.31436479 
9.11 -0.3206826 
9.12 -0.32696834 
9.13 -0.3332214 
9.14 -0.33944115 
9.15 -0.34562697 
9.16 -0.35177823 
9.17 -0.35789433 
9.18 -0.36397464 
9.19 -0.37001858 
9.2 -0.37602552 
9.21 -0.38199486 
9.22 -0.38792602 
9.23 -0.3938184 
9.24 -0.3996714 
9.25 -0.40548445 
9.26 -0.41125696 
9.27 -0.41698835 
9.28 -0.42267806 
9.29 -0.4283255 
9.3 -0.43393013 
9.31 -0.43949137 
9.32 -0.44500867 
9.33 -0.45048147 
9.34 -0.45590924 
9.35 -0.46129143 
9.36 -0.4666275 
9.37 -0.47191691 
9.38 -0.47715914 
9.39 -0.48235367 
9.4 -0.48749996 
9.41 -0.49259752 
9.42 -0.49764582 
9.43 -0.50264437 
9.44 -0.50759267 
9.45 -0.51249021 
9.46 -0.51733651 
9.47 -0.52213108 
9.48 -0.52687346 
9.49 -0.53156315 
9.5 -0.53619969 
9.51 -0.54078262 
9.52 -0.54531148 
9.53 -0.54978582 
9.54 -0.55420519 
9.55 -0.55856914 
9.56 -0.56287724 
9.57 -0.56712907 
9.58 -0.57132419 
9.59 -0.57546218 
9.6 -0.57954264 
9.61 -0.58356514 
9.62 -0.5875293 
9.63 -0.59143471 
9.64 -0.59528099 
9.65 -0.59906775 
9.66 -0.6027946 
9.67 -0.60646118 
9.68 -0.61006713 
9.69 -0.61361207 
9.7 -0.61709566 
9.71 -0.62051755 
9.72 -0.62387739 
9.73 -0.62717485 
9.74 -0.63040959 
9.75 -0.63358131 
9.76 -0.63668967 
9.77 -0.63973437 
9.78 -0.6427151 
9.79 -0.64563157 
9.8 -0.64848348 
9.81 -0.65127055 
9.82 -0.6539925 
9.83 -0.65664905 
9.84 -0.65923994 
9.85 -0.66176492 
9.86 -0.66422373 
9.87 -0.66661611 
9.88 -0.66894185 
9.89 -0.67120069 
9.9 -0.67339242 
9.91 -0.67551682 
9.92 -0.67757367 
9.93 -0.67956277 
9.94 -0.68148392 
9.95 -0.68333692 
9.96 -0.6851216 
9.97 -0.68683777 
9.98 -0.68848526 
9.99 -0.69006391 


