-1 2.7182818 
-0.99 2.6912345 
-0.98 2.6644562 
-0.97 2.6379445 
-0.96 2.6116965 
-0.95 2.5857097 
-0.94 2.5599814 
-0.93 2.5345092 
-0.92 2.5092904 
-0.91 2.4843225 
-0.9 2.4596031 
-0.89 2.4351297 
-0.88 2.4108997 
-0.87 2.3869109 
-0.86 2.3631607 
-0.85 2.3396469 
-0.84 2.316367 
-0.83 2.2933187 
-0.82 2.2704998 
-0.81 2.247908 
-0.8 2.2255409 
-0.79 2.2033964 
-0.78 2.1814723 
-0.77 2.1597663 
-0.76 2.1382762 
-0.75 2.117 
-0.74 2.0959355 
-0.73 2.0750806 
-0.72 2.0544332 
-0.71 2.0339913 
-0.7 2.0137527 
-0.69 1.9937155 
-0.68 1.9738777 
-0.67 1.9542373 
-0.66 1.9347923 
-0.65 1.9155408 
-0.64 1.8964809 
-0.63 1.8776106 
-0.62 1.858928 
-0.61 1.8404314 
-0.6 1.8221188 
-0.59 1.8039884 
-0.58 1.7860384 
-0.57 1.7682671 
-0.56 1.7506725 
-0.55 1.733253 
-0.54 1.7160069 
-0.53 1.6989323 
-0.52 1.6820276 
-0.51 1.6652912 
-0.5 1.6487213 
-0.49 1.6323162 
-0.48 1.6160744 
-0.47 1.5999942 
-0.46 1.584074 
-0.45 1.5683122 
-0.44 1.5527072 
-0.43 1.5372575 
-0.42 1.5219616 
-0.41 1.5068178 
-0.4 1.4918247 
-0.39 1.4769808 
-0.38 1.4622846 
-0.37 1.4477346 
-0.36 1.4333294 
-0.35 1.4190675 
-0.34 1.4049476 
-0.33 1.3909681 
-0.32 1.3771278 
-0.31 1.3634251 
-0.3 1.3498588 
-0.29 1.3364275 
-0.28 1.3231298 
-0.27 1.3099645 
-0.26 1.2969301 
-0.25 1.2840254 
-0.24 1.2712492 
-0.23 1.2586 
-0.22 1.2460767 
-0.21 1.2336781 
-0.2 1.2214028 
-0.19 1.2092496 
-0.18 1.1972174 
-0.17 1.1853049 
-0.16 1.1735109 
-0.15 1.1618342 
-0.14 1.1502738 
-0.13 1.1388284 
-0.12 1.1274969 
-0.11 1.1162781 
-0.1 1.1051709 
-0.09 1.0941743 
-0.08 1.0832871 
-0.07 1.0725082 
-0.06 1.0618365 
-0.05 1.0512711 
-0.04 1.0408108 
-0.03 1.0304545 
-0.02 1.0202013 
-0.01 1.0100502 
0 1 
0.01 0.99004983 
0.02 0.98019867 
0.03 0.97044553 
0.04 0.96078944 
0.05 0.95122942 
0.06 0.94176453 
0.07 0.93239382 
0.08 0.92311635 
0.09 0.91393119 
0.1 0.90483742 
0.11 0.89583414 
0.12 0.88692044 
0.13 0.87809543 
0.14 0.86935824 
0.15 0.86070798 
0.16 0.85214379 
0.17 0.84366482 
0.18 0.83527021 
0.19 0.82695913 
0.2 0.81873075 
0.21 0.81058425 
0.22 0.8025188 
0.23 0.7945336 
0.24 0.78662786 
0.25 0.77880078 
0.26 0.77105159 
0.27 0.76337949 
0.28 0.75578374 
0.29 0.74826357 
0.3 0.74081822 
0.31 0.73344696 
0.32 0.72614904 
0.33 0.71892373 
0.34 0.71177032 
0.35 0.70468809 
0.36 0.69767633 
0.37 0.69073433 
0.38 0.68386141 
0.39 0.67705687 
0.4 0.67032005 
0.41 0.66365025 
0.42 0.65704682 
0.43 0.65050909 
0.44 0.64403642 
0.45 0.63762815 
0.46 0.63128365 
0.47 0.62500227 
0.48 0.61878339 
0.49 0.61262639 
0.5 0.60653066 
0.51 0.60049558 
0.52 0.59452055 
0.53 0.58860497 
0.54 0.58274825 
0.55 0.57694981 
0.56 0.57120906 
0.57 0.56552544 
0.58 0.55989837 
0.59 0.55432728 
0.6 0.54881164 
0.61 0.54335087 
0.62 0.53794444 
0.63 0.5325918 
0.64 0.52729242 
0.65 0.52204578 
0.66 0.51685133 
0.67 0.51170858 
0.68 0.50661699 
0.69 0.50157607 
0.7 0.4965853 
0.71 0.4916442 
0.72 0.48675226 
0.73 0.48190899 
0.74 0.47711392 
0.75 0.47236655 
0.76 0.46766643 
0.77 0.46301307 
0.78 0.45840601 
0.79 0.4538448 
0.8 0.44932896 
0.81 0.44485807 
0.82 0.44043165 
0.83 0.43604929 
0.84 0.43171052 
0.85 0.42741493 
0.86 0.42316208 
0.87 0.41895155 
0.88 0.41478291 
0.89 0.41065575 
0.9 0.40656966 
0.91 0.40252422 
0.92 0.39851904 
0.93 0.39455371 
0.94 0.39062784 
0.95 0.38674102 
0.96 0.38289289 
0.97 0.37908304 
0.98 0.3753111 
0.99 0.37157669 
1 0.36787944 
1.01 0.36421898 
1.02 0.36059494 
1.03 0.35700696 
1.04 0.35345468 
1.05 0.34993775 
1.06 0.34645581 
1.07 0.34300852 
1.08 0.33959553 
1.09 0.33621649 
1.1 0.33287108 
1.11 0.32955896 
1.12 0.32627979 
1.13 0.32303326 
1.14 0.31981902 
1.15 0.31663677 
1.16 0.31348618 
1.17 0.31036694 
1.18 0.30727874 
1.19 0.30422126 
1.2 0.30119421 
1.21 0.29819728 
1.22 0.29523017 
1.23 0.29229258 
1.24 0.28938422 
1.25 0.2865048 
1.26 0.28365403 
1.27 0.28083162 
1.28 0.2780373 
1.29 0.27527078 
1.3 0.27253179 
1.31 0.26982006 
1.32 0.2671353 
1.33 0.26447726 
1.34 0.26184567 
1.35 0.25924026 
1.36 0.25666078 
1.37 0.25410696 
1.38 0.25157855 
1.39 0.2490753 
1.4 0.24659696 
1.41 0.24414328 
1.42 0.24171402 
1.43 0.23930892 
1.44 0.23692776 
1.45 0.23457029 
1.46 0.23223627 
1.47 0.22992549 
1.48 0.22763769 
1.49 0.22537266 
1.5 0.22313016 
1.51 0.22090998 
1.52 0.21871189 
1.53 0.21653567 
1.54 0.2143811 
1.55 0.21224797 
1.56 0.21013607 
1.57 0.20804518 
1.58 0.2059751 
1.59 0.20392561 
1.6 0.20189652 
1.61 0.19988761 
1.62 0.1978987 
1.63 0.19592957 
1.64 0.19398004 
1.65 0.19204991 
1.66 0.19013898 
1.67 0.18824707 
1.68 0.18637398 
1.69 0.18451952 
1.7 0.18268352 
1.71 0.18086579 
1.72 0.17906615 
1.73 0.17728441 
1.74 0.1755204 
1.75 0.17377394 
1.76 0.17204486 
1.77 0.17033299 
1.78 0.16863815 
1.79 0.16696017 
1.8 0.16529889 
1.81 0.16365414 
1.82 0.16202575 
1.83 0.16041357 
1.84 0.15881743 
1.85 0.15723717 
1.86 0.15567263 
1.87 0.15412366 
1.88 0.15259011 
1.89 0.15107181 
1.9 0.14956862 
1.91 0.14808039 
1.92 0.14660696 
1.93 0.1451482 
1.94 0.14370395 
1.95 0.14227407 
1.96 0.14085842 
1.97 0.13945686 
1.98 0.13806924 
1.99 0.13669543 
2 0.13533528 
2.01 0.13398867 
2.02 0.13265547 
2.03 0.13133552 
2.04 0.13002871 
2.05 0.1287349 
2.06 0.12745397 
2.07 0.12618578 
2.08 0.12493021 
2.09 0.12368714 
2.1 0.12245643 
2.11 0.12123797 
2.12 0.12003163 
2.13 0.11883729 
2.14 0.11765484 
2.15 0.11648416 
2.16 0.11532512 
2.17 0.11417762 
2.18 0.11304153 
2.19 0.11191675 
2.2 0.11080316 
2.21 0.10970065 
2.22 0.10860911 
2.23 0.10752843 
2.24 0.1064585 
2.25 0.10539922 
2.26 0.10435048 
2.27 0.10331218 
2.28 0.10228421 
2.29 0.10126646 
2.3 0.10025884 
2.31 0.099261252 
2.32 0.098273586 
2.33 0.097295747 
2.34 0.096327638 
2.35 0.095369162 
2.36 0.094420223 
2.37 0.093480726 
2.38 0.092550578 
2.39 0.091629684 
2.4 0.090717953 
2.41 0.089815295 
2.42 0.088921617 
2.43 0.088036833 
2.44 0.087160851 
2.45 0.086293586 
2.46 0.085434951 
2.47 0.084584859 
2.48 0.083743226 
2.49 0.082909967 
2.5 0.082084999 
2.51 0.081268239 
2.52 0.080459607 
2.53 0.07965902 
2.54 0.0788664 
2.55 0.078081666 
2.56 0.07730474 
2.57 0.076535545 
2.58 0.075774004 
2.59 0.07502004 
2.6 0.074273578 
2.61 0.073534544 
2.62 0.072802863 
2.63 0.072078462 
2.64 0.07136127 
2.65 0.070651213 
2.66 0.069948222 
2.67 0.069252225 
2.68 0.068563154 
2.69 0.067880939 
2.7 0.067205513 
2.71 0.066536807 
2.72 0.065874754 
2.73 0.06521929 
2.74 0.064570347 
2.75 0.063927861 
2.76 0.063291768 
2.77 0.062662005 
2.78 0.062038507 
2.79 0.061421214 
2.8 0.060810063 
2.81 0.060204992 
2.82 0.059605943 
2.83 0.059012854 
2.84 0.058425666 
2.85 0.057844321 
2.86 0.05726876 
2.87 0.056698927 
2.88 0.056134763 
2.89 0.055576213 
2.9 0.05502322 
2.91 0.05447573 
2.92 0.053933687 
2.93 0.053397038 
2.94 0.052865729 
2.95 0.052339706 
2.96 0.051818917 
2.97 0.05130331 
2.98 0.050792834 
2.99 0.050287437 
3 0.049787068 
3.01 0.049291679 
3.02 0.048801218 
3.03 0.048315638 
3.04 0.047834889 
3.05 0.047358924 
3.06 0.046887695 
3.07 0.046421155 
3.08 0.045959257 
3.09 0.045501954 
3.1 0.045049202 
3.11 0.044600955 
3.12 0.044157168 
3.13 0.043717797 
3.14 0.043282798 
3.15 0.042852127 
3.16 0.042425741 
3.17 0.042003598 
3.18 0.041585655 
3.19 0.041171871 
3.2 0.040762204 
3.21 0.040356613 
3.22 0.039955058 
3.23 0.039557499 
3.24 0.039163895 
3.25 0.038774208 
3.26 0.038388398 
3.27 0.038006427 
3.28 0.037628257 
3.29 0.037253849 
3.3 0.036883167 
3.31 0.036516174 
3.32 0.036152832 
3.33 0.035793105 
3.34 0.035436958 
3.35 0.035084354 
3.36 0.034735259 
3.37 0.034389637 
3.38 0.034047455 
3.39 0.033708677 
3.4 0.03337327 
3.41 0.0330412 
3.42 0.032712435 
3.43 0.032386941 
3.44 0.032064685 
3.45 0.031745636 
3.46 0.031429762 
3.47 0.031117031 
3.48 0.030807411 
3.49 0.030500872 
3.5 0.030197383 
3.51 0.029896914 
3.52 0.029599435 
3.53 0.029304916 
3.54 0.029013327 
3.55 0.02872464 
3.56 0.028438825 
3.57 0.028155854 
3.58 0.027875698 
3.59 0.02759833 
3.6 0.027323722 
3.61 0.027051847 
3.62 0.026782676 
3.63 0.026516184 
3.64 0.026252344 
3.65 0.025991129 
3.66 0.025732513 
3.67 0.02547647 
3.68 0.025222975 
3.69 0.024972002 
3.7 0.024723526 
3.71 0.024477523 
3.72 0.024233968 
3.73 0.023992836 
3.74 0.023754103 
3.75 0.023517746 
3.76 0.02328374 
3.77 0.023052063 
3.78 0.022822691 
3.79 0.022595602 
3.8 0.022370772 
3.81 0.022148179 
3.82 0.021927801 
3.83 0.021709616 
3.84 0.021493601 
3.85 0.021279736 
3.86 0.021068 
3.87 0.020858369 
3.88 0.020650825 
3.89 0.020445346 
3.9 0.020241911 
3.91 0.020040501 
3.92 0.019841095 
3.93 0.019643673 
3.94 0.019448215 
3.95 0.019254702 
3.96 0.019063114 
3.97 0.018873433 
3.98 0.018685639 
3.99 0.018499714 
4 0.018315639 
4.01 0.018133395 
4.02 0.017952965 
4.03 0.01777433 
4.04 0.017597472 
4.05 0.017422375 
4.06 0.017249019 
4.07 0.017077389 
4.08 0.016907466 
4.09 0.016739234 
4.1 0.016572675 
4.11 0.016407775 
4.12 0.016244514 
4.13 0.016082879 
4.14 0.015922852 
4.15 0.015764416 
4.16 0.015607558 
4.17 0.01545226 
4.18 0.015298508 
4.19 0.015146285 
4.2 0.014995577 
4.21 0.014846368 
4.22 0.014698645 
4.23 0.014552391 
4.24 0.014407592 
4.25 0.014264234 
4.26 0.014122302 
4.27 0.013981783 
4.28 0.013842662 
4.29 0.013704925 
4.3 0.013568559 
4.31 0.01343355 
4.32 0.013299884 
4.33 0.013167547 
4.34 0.013036528 
4.35 0.012906813 
4.36 0.012778388 
4.37 0.012651241 
4.38 0.012525359 
4.39 0.012400729 
4.4 0.01227734 
4.41 0.012155178 
4.42 0.012034232 
4.43 0.01191449 
4.44 0.011795939 
4.45 0.011678567 
4.46 0.011562363 
4.47 0.011447316 
4.48 0.011333413 
4.49 0.011220644 
4.5 0.011108997 
4.51 0.01099846 
4.52 0.010889024 
4.53 0.010780676 
4.54 0.010673407 
4.55 0.010567204 
4.56 0.010462059 
4.57 0.01035796 
4.58 0.010254896 
4.59 0.010152858 
4.6 0.010051836 
4.61 0.0099518183 
4.62 0.0098527961 
4.63 0.0097547591 
4.64 0.0096576976 
4.65 0.0095616019 
4.66 0.0094664624 
4.67 0.0093722695 
4.68 0.0092790139 
4.69 0.0091866862 
4.7 0.0090952771 
4.71 0.0090047776 
4.72 0.0089151785 
4.73 0.008826471 
4.74 0.0087386462 
4.75 0.0086516952 
4.76 0.0085656094 
4.77 0.0084803802 
4.78 0.008395999 
4.79 0.0083124574 
4.8 0.008229747 
4.81 0.0081478597 
4.82 0.0080667871 
4.83 0.0079865213 
4.84 0.0079070541 
4.85 0.0078283775 
4.86 0.0077504839 
4.87 0.0076733653 
4.88 0.007597014 
4.89 0.0075214225 
4.9 0.0074465831 
4.91 0.0073724883 
4.92 0.0072991308 
4.93 0.0072265033 
4.94 0.0071545984 
4.95 0.0070834089 
4.96 0.0070129278 
4.97 0.006943148 
4.98 0.0068740626 
4.99 0.0068056645 
5 0.006737947 
5.01 0.0066709033 
5.02 0.0066045267 
5.03 0.0065388106 
5.04 0.0064737483 
5.05 0.0064093334 
5.06 0.0063455595 
5.07 0.0062824201 
5.08 0.006219909 
5.09 0.0061580199 
5.1 0.0060967466 
5.11 0.0060360829 
5.12 0.0059760229 
5.13 0.0059165605 
5.14 0.0058576897 
5.15 0.0057994047 
5.16 0.0057416997 
5.17 0.0056845688 
5.18 0.0056280064 
5.19 0.0055720068 
5.2 0.0055165644 
5.21 0.0054616737 
5.22 0.0054073291 
5.23 0.0053535253 
5.24 0.0053002568 
5.25 0.0052475184 
5.26 0.0051953047 
5.27 0.0051436106 
5.28 0.0050924308 
5.29 0.0050417603 
5.3 0.0049915939 
5.31 0.0049419267 
5.32 0.0048927537 
5.33 0.00484407 
5.34 0.0047958707 
5.35 0.004748151 
5.36 0.0047009061 
5.37 0.0046541313 
5.38 0.0046078219 
5.39 0.0045619733 
5.4 0.0045165809 
5.41 0.0044716402 
5.42 0.0044271466 
5.43 0.0043830958 
5.44 0.0043394833 
5.45 0.0042963047 
5.46 0.0042535557 
5.47 0.0042112322 
5.48 0.0041693297 
5.49 0.0041278442 
5.5 0.0040867714 
5.51 0.0040461074 
5.52 0.0040058479 
5.53 0.0039659891 
5.54 0.0039265268 
5.55 0.0038874572 
5.56 0.0038487764 
5.57 0.0038104804 
5.58 0.0037725655 
5.59 0.0037350279 
5.6 0.0036978637 
5.61 0.0036610694 
5.62 0.0036246411 
5.63 0.0035885753 
5.64 0.0035528684 
5.65 0.0035175168 
5.66 0.0034825169 
5.67 0.0034478653 
5.68 0.0034135584 
5.69 0.003379593 
5.7 0.0033459655 
5.71 0.0033126725 
5.72 0.0032797109 
5.73 0.0032470772 
5.74 0.0032147683 
5.75 0.0031827808 
5.76 0.0031511116 
5.77 0.0031197575 
5.78 0.0030887154 
5.79 0.0030579822 
5.8 0.0030275547 
5.81 0.0029974301 
5.82 0.0029676051 
5.83 0.002938077 
5.84 0.0029088426 
5.85 0.0028798992 
5.86 0.0028512437 
5.87 0.0028228733 
5.88 0.0027947853 
5.89 0.0027669767 
5.9 0.0027394448 
5.91 0.0027121869 
5.92 0.0026852002 
5.93 0.002658482 
5.94 0.0026320297 
5.95 0.0026058405 
5.96 0.002579912 
5.97 0.0025542414 
5.98 0.0025288263 
5.99 0.0025036641 
6 0.0024787522 
6.01 0.0024540882 
6.02 0.0024296696 
6.03 0.002405494 
6.04 0.0023815589 
6.05 0.002357862 
6.06 0.0023344009 
6.07 0.0023111732 
6.08 0.0022881767 
6.09 0.0022654089 
6.1 0.0022428677 
6.11 0.0022205508 
6.12 0.002198456 
6.13 0.002176581 
6.14 0.0021549236 
6.15 0.0021334818 
6.16 0.0021122533 
6.17 0.002091236 
6.18 0.0020704279 
6.19 0.0020498268 
6.2 0.0020294306 
6.21 0.0020092375 
6.22 0.0019892452 
6.23 0.0019694519 
6.24 0.0019498555 
6.25 0.0019304541 
6.26 0.0019112458 
6.27 0.0018922286 
6.28 0.0018734006 
6.29 0.0018547599 
6.3 0.0018363048 
6.31 0.0018180332 
6.32 0.0017999435 
6.33 0.0017820338 
6.34 0.0017643022 
6.35 0.0017467471 
6.36 0.0017293667 
6.37 0.0017121592 
6.38 0.001695123 
6.39 0.0016782562 
6.4 0.0016615573 
6.41 0.0016450245 
6.42 0.0016286562 
6.43 0.0016124508 
6.44 0.0015964067 
6.45 0.0015805222 
6.46 0.0015647957 
6.47 0.0015492257 
6.48 0.0015338107 
6.49 0.001518549 
6.5 0.0015034392 
6.51 0.0014884797 
6.52 0.0014736691 
6.53 0.0014590058 
6.54 0.0014444885 
6.55 0.0014301156 
6.56 0.0014158857 
6.57 0.0014017974 
6.58 0.0013878493 
6.59 0.00137404 
6.6 0.001360368 
6.61 0.0013468321 
6.62 0.0013334309 
6.63 0.0013201631 
6.64 0.0013070272 
6.65 0.0012940221 
6.66 0.0012811464 
6.67 0.0012683988 
6.68 0.001255778 
6.69 0.0012432828 
6.7 0.0012309119 
6.71 0.0012186641 
6.72 0.0012065382 
6.73 0.001194533 
6.74 0.0011826472 
6.75 0.0011708796 
6.76 0.0011592292 
6.77 0.0011476947 
6.78 0.0011362749 
6.79 0.0011249688 
6.8 0.0011137751 
6.81 0.0011026929 
6.82 0.0010917209 
6.83 0.0010808581 
6.84 0.0010701034 
6.85 0.0010594557 
6.86 0.0010489139 
6.87 0.0010384771 
6.88 0.001028144 
6.89 0.0010179138 
6.9 0.0010077854 
6.91 0.0009977578 
6.92 0.00098782994 
6.93 0.00097800087 
6.94 0.0009682696 
6.95 0.00095863515 
6.96 0.00094909657 
6.97 0.00093965291 
6.98 0.0009303032 
6.99 0.00092104653 
7 0.00091188197 
7.01 0.00090280859 
7.02 0.00089382549 
7.03 0.00088493178 
7.04 0.00087612656 
7.05 0.00086740896 
7.06 0.00085877809 
7.07 0.00085023311 
7.08 0.00084177315 
7.09 0.00083339737 
7.1 0.00082510492 
7.11 0.00081689499 
7.12 0.00080876675 
7.13 0.00080071939 
7.14 0.0007927521 
7.15 0.00078486408 
7.16 0.00077705455 
7.17 0.00076932273 
7.18 0.00076166784 
7.19 0.00075408912 
7.2 0.00074658581 
7.21 0.00073915716 
7.22 0.00073180242 
7.23 0.00072452086 
7.24 0.00071731176 
7.25 0.00071017439 
7.26 0.00070310804 
7.27 0.00069611199 
7.28 0.00068918556 
7.29 0.00068232805 
7.3 0.00067553878 
7.31 0.00066881705 
7.32 0.00066216221 
7.33 0.00065557359 
7.34 0.00064905052 
7.35 0.00064259236 
7.36 0.00063619846 
7.37 0.00062986818 
7.38 0.00062360089 
7.39 0.00061739595 
7.4 0.00061125276 
7.41 0.00060517069 
7.42 0.00059914915 
7.43 0.00059318751 
7.44 0.0005872852 
7.45 0.00058144161 
7.46 0.00057565617 
7.47 0.0005699283 
7.48 0.00056425742 
7.49 0.00055864296 
7.5 0.00055308437 
7.51 0.00054758109 
7.52 0.00054213257 
7.53 0.00053673826 
7.54 0.00053139762 
7.55 0.00052611013 
7.56 0.00052087524 
7.57 0.00051569245 
7.58 0.00051056122 
7.59 0.00050548105 
7.6 0.00050045143 
7.61 0.00049547186 
7.62 0.00049054183 
7.63 0.00048566086 
7.64 0.00048082845 
7.65 0.00047604413 
7.66 0.00047130741 
7.67 0.00046661782 
7.68 0.0004619749 
7.69 0.00045737817 
7.7 0.00045282718 
7.71 0.00044832148 
7.72 0.0004438606 
7.73 0.00043944412 
7.74 0.00043507158 
7.75 0.00043074254 
7.76 0.00042645658 
7.77 0.00042221327 
7.78 0.00041801217 
7.79 0.00041385288 
7.8 0.00040973498 
7.81 0.00040565805 
7.82 0.00040162168 
7.83 0.00039762548 
7.84 0.00039366904 
7.85 0.00038975197 
7.86 0.00038587387 
7.87 0.00038203436 
7.88 0.00037823306 
7.89 0.00037446957 
7.9 0.00037074354 
7.91 0.00036705458 
7.92 0.00036340233 
7.93 0.00035978641 
7.94 0.00035620648 
7.95 0.00035266216 
7.96 0.00034915312 
7.97 0.00034567899 
7.98 0.00034223942 
7.99 0.00033883408 
8 0.00033546263 
8.01 0.00033212472 
8.02 0.00032882002 
8.03 0.00032554821 
8.04 0.00032230895 
8.05 0.00031910192 
8.06 0.00031592681 
8.07 0.00031278328 
8.08 0.00030967104 
8.09 0.00030658976 
8.1 0.00030353914 
8.11 0.00030051887 
8.12 0.00029752866 
8.13 0.0002945682 
8.14 0.0002916372 
8.15 0.00028873536 
8.16 0.00028586239 
8.17 0.00028301802 
8.18 0.00028020194 
8.19 0.00027741388 
8.2 0.00027465357 
8.21 0.00027192072 
8.22 0.00026921506 
8.23 0.00026653633 
8.24 0.00026388425 
8.25 0.00026125856 
8.26 0.00025865899 
8.27 0.00025608529 
8.28 0.0002535372 
8.29 0.00025101446 
8.3 0.00024851683 
8.31 0.00024604404 
8.32 0.00024359586 
8.33 0.00024117204 
8.34 0.00023877234 
8.35 0.00023639652 
8.36 0.00023404433 
8.37 0.00023171555 
8.38 0.00022940995 
8.39 0.00022712728 
8.4 0.00022486732 
8.41 0.00022262986 
8.42 0.00022041465 
8.43 0.00021822149 
8.44 0.00021605015 
8.45 0.00021390042 
8.46 0.00021177207 
8.47 0.0002096649 
8.48 0.0002075787 
8.49 0.00020551326 
8.5 0.00020346837 
8.51 0.00020144382 
8.52 0.00019943943 
8.53 0.00019745497 
8.54 0.00019549026 
8.55 0.0001935451 
8.56 0.00019161929 
8.57 0.00018971265 
8.58 0.00018782498 
8.59 0.00018595609 
8.6 0.00018410579 
8.61 0.00018227391 
8.62 0.00018046025 
8.63 0.00017866465 
8.64 0.0001768869 
8.65 0.00017512685 
8.66 0.00017338431 
8.67 0.0001716591 
8.68 0.00016995107 
8.69 0.00016826003 
8.7 0.00016658581 
8.71 0.00016492825 
8.72 0.00016328719 
8.73 0.00016166246 
8.74 0.00016005389 
8.75 0.00015846133 
8.76 0.00015688461 
8.77 0.00015532358 
8.78 0.00015377809 
8.79 0.00015224797 
8.8 0.00015073308 
8.81 0.00014923326 
8.82 0.00014774836 
8.83 0.00014627824 
8.84 0.00014482275 
8.85 0.00014338174 
8.86 0.00014195506 
8.87 0.00014054259 
8.88 0.00013914417 
8.89 0.00013775966 
8.9 0.00013638893 
8.91 0.00013503183 
8.92 0.00013368824 
8.93 0.00013235802 
8.94 0.00013104104 
8.95 0.00012973716 
8.96 0.00012844625 
8.97 0.00012716819 
8.98 0.00012590285 
8.99 0.00012465009 
9 0.0001234098 
9.01 0.00012218186 
9.02 0.00012096613 
9.03 0.00011976249 
9.04 0.00011857084 
9.05 0.00011739104 
9.06 0.00011622298 
9.07 0.00011506654 
9.08 0.00011392161 
9.09 0.00011278807 
9.1 0.00011166581 
9.11 0.00011055472 
9.12 0.00010945468 
9.13 0.00010836559 
9.14 0.00010728733 
9.15 0.0001062198 
9.16 0.0001051629 
9.17 0.00010411651 
9.18 0.00010308053 
9.19 0.00010205486 
9.2 0.0001010394 
9.21 0.00010003404 
9.22 9.9038688e-05 
9.23 9.8053236e-05 
9.24 9.707759e-05 
9.25 9.6111652e-05 
9.26 9.5155325e-05 
9.27 9.4208514e-05 
9.28 9.3271123e-05 
9.29 9.234306e-05 
9.3 9.1424231e-05 
9.31 9.0514545e-05 
9.32 8.961391e-05 
9.33 8.8722237e-05 
9.34 8.7839436e-05 
9.35 8.6965419e-05 
9.36 8.6100099e-05 
9.37 8.5243388e-05 
9.38 8.4395203e-05 
9.39 8.3555456e-05 
9.4 8.2724066e-05 
9.41 8.1900947e-05 
9.42 8.1086019e-05 
9.43 8.02792e-05 
9.44 7.9480409e-05 
9.45 7.8689565e-05 
9.46 7.7906591e-05 
9.47 7.7131407e-05 
9.48 7.6363937e-05 
9.49 7.5604103e-05 
9.5 7.485183e-05 
9.51 7.4107042e-05 
9.52 7.3369664e-05 
9.53 7.2639624e-05 
9.54 7.1916848e-05 
9.55 7.1201263e-05 
9.56 7.0492799e-05 
9.57 6.9791384e-05 
9.58 6.9096948e-05 
9.59 6.8409422e-05 
9.6 6.7728736e-05 
9.61 6.7054824e-05 
9.62 6.6387618e-05 
9.63 6.572705e-05 
9.64 6.5073055e-05 
9.65 6.4425567e-05 
9.66 6.3784522e-05 
9.67 6.3149855e-05 
9.68 6.2521504e-05 
9.69 6.1899404e-05 
9.7 6.1283495e-05 
9.71 6.0673714e-05 
9.72 6.0070001e-05 
9.73 5.9472294e-05 
9.74 5.8880535e-05 
9.75 5.8294664e-05 
9.76 5.7714622e-05 
9.77 5.7140352e-05 
9.78 5.6571796e-05 
9.79 5.6008897e-05 
9.8 5.5451599e-05 
9.81 5.4899847e-05 
9.82 5.4353584e-05 
9.83 5.3812757e-05 
9.84 5.3277311e-05 
9.85 5.2747193e-05 
9.86 5.222235e-05 
9.87 5.1702729e-05 
9.88 5.1188278e-05 
9.89 5.0678946e-05 
9.9 5.0174682e-05 
9.91 4.9675436e-05 
9.92 4.9181157e-05 
9.93 4.8691796e-05 
9.94 4.8207305e-05 
9.95 4.7727634e-05 
9.96 4.7252736e-05 
9.97 4.6782563e-05 
9.98 4.6317069e-05 
9.99 4.5856207e-05 


