0 0 
0.0001 -65 
0.0002 -60.154177 
0.0003 -55.757239 
0.0004 -47.925974 
0.0005 -45.918453 
0.0006 -42.001872 
0.0007 -37.862872 
0.0008 -32.344022 
0.0009 -29.687463 
0.001 -28.425162 
0.0011 -26.108451 
0.0012 -23.467663 
0.0013 -21.727213 
0.0014 -20.28191 
0.0015 -17.865506 
0.0016 -16.053601 
0.0017 -13.76307 
0.0018 -12.781873 
0.0019 -11.215166 
0.002 -10.443514 
0.0021 -10.279484 
0.0022 -9.4541457 
0.0023 -8.8935844 
0.0024 -7.5945058 
0.0025 -7.3765212 
0.0026 -6.9140349 
0.0027 -6.3426394 
0.0028 -6.1572544 
0.0029 -5.6624015 
0.003 -5.4264826 
0.0031 -5.31672 
0.0032 -5.3287529 
0.0033 -5.2583546 
0.0034 -5.3998971 
0.0035 -5.1184202 
0.0036 -4.678502 
0.0037 -4.865136 
0.0038 -4.5092151 
0.0039 -4.5522467 
0.004 -4.3218536 
0.0041 -4.2140591 
0.0042 -4.3068486 
0.0043 -4.2456161 
0.0044 -4.3933163 
0.0045 -4.5901093 
0.0046 -4.4294764 
0.0047 -4.3205974 
0.0048 -4.156963 
0.0049 -4.1091147 
0.005 -4.3038285 
0.0051 -4.4310515 
0.0052 -4.517048 
0.0053 -4.3875141 
0.0054 -4.2659682 
0.0055 -4.36684 
0.0056 -4.213795 
0.0057 -5 
0.0058 -65 
0.0059 -58.96127 
0.006 -55.901329 
0.0061 -50.938695 
0.0062 -44.58816 
0.0063 -40.343709 
0.0064 -34.991007 
0.0065 -32.213749 
0.0066 -28.44098 
0.0067 -25.695528 
0.0068 -23.698673 
0.0069 -21.871867 
0.007 -20.295625 
0.0071 -17.993888 
0.0072 -16.717627 
0.0073 -14.470204 
0.0074 -12.984272 
0.0075 -12.944028 
0.0076 -12.974963 
0.0077 -11.696295 
0.0078 -10.687601 
0.0079 -10.378114 
0.008 -9.7292624 
0.0081 -8.7519292 
0.0082 -7.951991 
0.0083 -7.498215 
0.0084 -6.6962727 
0.0085 -6.3231199 
0.0086 -6.139179 
0.0087 -5.8534421 
0.0088 -5.3897749 
0.0089 -5.2326589 
0.009 -4.6584737 
0.0091 -4.4620522 
0.0092 -4.4392767 
0.0093 -4.6800604 
0.0094 -4.7241559 
0.0095 -4.6297897 
0.0096 -4.5145598 
0.0097 -4.5277999 
0.0098 -4.4144499 
0.0099 -4.2258917 
0.01 -4.3855028 
0.0101 -4.4037475 
0.0102 -4.6896704 
0.0103 -4.7993437 
0.0104 -4.7646908 
0.0105 -4.8121558 
0.0106 -4.5638055 
0.0107 -4.4636384 
0.0108 -4.6413562 
0.0109 -4.8643398 
0.011 -4.6901906 
0.0111 -4.3762167 
0.0112 -4.1716669 
0.0113 -5 
0.0114 -65 
0.0115 -59.821623 
0.0116 -51.461409 
0.0117 -46.672614 
0.0118 -40.582762 
0.0119 -38.023407 
0.012 -34.596089 
0.0121 -31.581598 
0.0122 -27.974747 
0.0123 -24.77067 
0.0124 -21.362491 
0.0125 -19.373571 
0.0126 -17.895337 
0.0127 -16.604224 
0.0128 -15.529145 
0.0129 -13.893608 
0.013 -13.140832 
0.0131 -12.079645 
0.0132 -11.105601 
0.0133 -9.8957901 
0.0134 -9.2576092 
0.0135 -8.6772405 
0.0136 -8.0880099 
0.0137 -7.8365804 
0.0138 -7.6560213 
0.0139 -7.4962904 
0.014 -6.6275343 
0.0141 -6.5008318 
0.0142 -6.2477671 
0.0143 -5.9410553 
0.0144 -5.6850206 
0.0145 -5.3432901 
0.0146 -5.1196411 
0.0147 -5.0117566 
0.0148 -4.8838511 
0.0149 -4.8578908 
0.015 -4.7740043 
0.0151 -4.860401 
0.0152 -4.4557937 
0.0153 -4.3089397 
0.0154 -4.3384863 
0.0155 -4.0915733 
0.0156 -4.0456546 
0.0157 -5 
0.0158 -65 
0.0159 -56.967305 
0.016 -52.129616 
0.0161 -45.519136 
0.0162 -40.715225 
0.0163 -38.047275 
0.0164 -34.158489 
0.0165 -31.703016 
0.0166 -28.066475 
0.0167 -26.505126 
0.0168 -23.758531 
0.0169 -22.963151 
0.017 -21.67561 
0.0171 -18.589282 
0.0172 -16.608716 
0.0173 -14.710621 
0.0174 -13.104767 
0.0175 -11.063735 
0.0176 -10.077328 
0.0177 -9.7464925 
0.0178 -8.7869821 
0.0179 -8.5094891 
0.018 -7.8753026 
0.0181 -7.7287202 
0.0182 -7.4341386 
0.0183 -7.0979998 
0.0184 -6.5667555 
0.0185 -6.473145 
0.0186 -6.3068355 
0.0187 -5.9760311 
0.0188 -5.2899882 
0.0189 -5.2337932 
0.019 -5.0134785 
0.0191 -5.1663466 
0.0192 -4.6352043 
0.0193 -4.2898856 
0.0194 -4.4249295 
0.0195 -4.406259 
0.0196 -4.23536 
0.0197 -4.0395884 
0.0198 -4.1895249 
0.0199 -4.1032933 
0.02 -4.0753021 
0.0201 -4.0930115 
0.0202 -4.0511478 
0.0203 -4.037715 
0.0204 -4.079177 
0.0205 -4.2025493 
0.0206 -4.2013464 
0.0207 -4.0328727 
0.0208 -5 
0.0209 -65 
0.021 -59.26626 
0.0211 -50.763211 
0.0212 -43.653732 
0.0213 -38.84886 
0.0214 -36.154784 
0.0215 -31.911703 
0.0216 -27.59326 
0.0217 -24.222425 
0.0218 -20.750868 
0.0219 -19.806027 
0.022 -18.322675 
0.0221 -15.814428 
0.0222 -13.982981 
0.0223 -13.037057 
0.0224 -11.23249 
0.0225 -10.674583 
0.0226 -9.7939598 
0.0227 -9.2467537 
0.0228 -8.7349332 
0.0229 -8.1473336 
0.023 -7.6958482 
0.0231 -7.5463316 
0.0232 -7.2138738 
0.0233 -6.8478202 
0.0234 -6.3955483 
0.0235 -6.2172303 
0.0236 -5.996696 
0.0237 -5.7707428 
0.0238 -5.4642947 
0.0239 -5.2877381 
0.024 -5.1213575 
0.0241 -5.2565558 
0.0242 -4.9732068 
0.0243 -4.8481711 
0.0244 -4.3197056 
0.0245 -4.3117101 
0.0246 -4.3381401 
0.0247 -4.225254 
0.0248 -4.088075 
0.0249 -4.0850404 
0.025 -4.1263086 
0.0251 -5 
0.0252 -65 
0.0253 -57.852223 
0.0254 -50.509197 
0.0255 -48.919479 
0.0256 -43.984603 
0.0257 -39.398019 
0.0258 -34.561809 
0.0259 -29.419958 
0.026 -27.311109 
0.0261 -22.674285 
0.0262 -19.113559 
0.0263 -17.388222 
0.0264 -15.325728 
0.0265 -14.789941 
0.0266 -13.227814 
0.0267 -12.831606 
0.0268 -11.570805 
0.0269 -10.909733 
0.027 -9.9886032 
0.0271 -10.03994 
0.0272 -9.1953212 
0.0273 -8.9350088 
0.0274 -8.2120918 
0.0275 -7.6790541 
0.0276 -7.4593728 
0.0277 -7.0434674 
0.0278 -6.4938587 
0.0279 -5.7114284 
0.028 -5.3327717 
0.0281 -5.2654955 
0.0282 -5.4450429 
0.0283 -5.2124411 
0.0284 -5.0393514 
0.0285 -4.8271625 
0.0286 -4.8315945 
0.0287 -4.7210716 
0.0288 -4.7184587 
0.0289 -4.4743627 
0.029 -4.1761101 
0.0291 -5 
0.0292 -65 
0.0293 -58.192567 
0.0294 -55.444103 
0.0295 -48.708826 
0.0296 -41.974187 
0.0297 -38.330805 
0.0298 -33.790596 
0.0299 -31.279798 
0.03 -28.759498 
0.0301 -26.547152 
0.0302 -24.655287 
0.0303 -22.891498 
0.0304 -21.446745 
0.0305 -19.576927 
0.0306 -17.517742 
0.0307 -15.643097 
0.0308 -15.186186 
0.0309 -14.093716 
0.031 -13.609588 
0.0311 -13.341666 
0.0312 -12.365269 
0.0313 -11.505636 
0.0314 -10.537458 
0.0315 -10.197356 
0.0316 -9.4283735 
0.0317 -8.6344987 
0.0318 -8.8209041 
0.0319 -8.4017726 
0.032 -8.2029372 
0.0321 -7.8374696 
0.0322 -7.3284454 
0.0323 -6.7524028 
0.0324 -7.0039505 
0.0325 -6.6500407 
0.0326 -6.3913822 
0.0327 -6.1824393 
0.0328 -6.1965103 
0.0329 -5.8283169 
0.033 -5.613763 
0.0331 -5.5372416 
0.0332 -5.2639888 
0.0333 -5.1717126 
0.0334 -4.6978318 
0.0335 -4.8219466 
0.0336 -4.82585 
0.0337 -4.7521196 
0.0338 -4.8102028 
0.0339 -4.669507 
0.034 -4.6183517 
0.0341 -4.3705541 
0.0342 -4.3860113 
0.0343 -4.5468621 
0.0344 -4.5137606 
0.0345 -4.6550692 
0.0346 -4.4500669 
0.0347 -4.2345326 
0.0348 -4.0974015 
0.0349 -5 
0.035 -65 
0.0351 -56.942051 
0.0352 -53.741812 
0.0353 -52.07696 
0.0354 -46.878048 
0.0355 -45.135244 
0.0356 -40.544983 
0.0357 -37.120351 
0.0358 -34.422214 
0.0359 -32.452077 
0.036 -29.523315 
0.0361 -26.096938 
0.0362 -23.904766 
0.0363 -20.267345 
0.0364 -18.290905 
0.0365 -17.299669 
0.0366 -14.617431 
0.0367 -12.816906 
0.0368 -12.083268 
0.0369 -10.964351 
0.037 -10.208407 
0.0371 -9.5877867 
0.0372 -9.0715364 
0.0373 -8.4710467 
0.0374 -7.90849 
0.0375 -7.4438501 
0.0376 -7.2107213 
0.0377 -6.4675056 
0.0378 -6.5779498 
0.0379 -6.4189746 
0.038 -6.1523306 
0.0381 -6.1806277 
0.0382 -6.0557173 
0.0383 -5.5771726 
0.0384 -5.4692723 
0.0385 -5.1560681 
0.0386 -4.7447402 
0.0387 -4.3438232 
0.0388 -4.2682726 
0.0389 -4.1451998 
0.039 -4.1677342 
0.0391 -4.3620006 
0.0392 -4.3394519 
0.0393 -4.5313702 
0.0394 -4.6105812 
0.0395 -4.3570649 
0.0396 -4.4546353 
0.0397 -4.3487795 
0.0398 -4.3715699 
0.0399 -4.4227599 
0.04 -4.3098521 
0.0401 -4.1815899 
0.0402 -4.2593864 
0.0403 -4.1206737 
0.0404 -4.133074 
0.0405 -5 
0.0406 -65 
0.0407 -56.994399 
0.0408 -51.312159 
0.0409 -45.461254 
0.041 -41.878405 
0.0411 -36.784928 
0.0412 -32.171068 
0.0413 -28.505153 
0.0414 -26.240601 
0.0415 -24.399541 
0.0416 -21.64231 
0.0417 -19.560035 
0.0418 -17.339653 
0.0419 -16.136211 
0.042 -14.122448 
0.0421 -12.810593 
0.0422 -12.12888 
0.0423 -11.494036 
0.0424 -10.922907 
0.0425 -9.9041142 
0.0426 -9.6402092 
0.0427 -9.0010016 
0.0428 -8.3374767 
0.0429 -8.2901332 
0.043 -8.0492383 
0.0431 -7.6526153 
0.0432 -7.0819764 
0.0433 -6.4480567 
0.0434 -6.2623449 
0.0435 -6.2909362 
0.0436 -5.8885796 
0.0437 -5.9215657 
0.0438 -5.5043438 
0.0439 -5.3415937 
0.044 -5.3570531 
0.0441 -5.4176334 
0.0442 -5.2357652 
0.0443 -5.161984 
0.0444 -4.9753237 
0.0445 -4.9465126 
0.0446 -4.9934288 
0.0447 -4.8469919 
0.0448 -4.7526998 
0.0449 -4.5259199 
0.045 -4.2567546 
0.0451 -4.2077959 
0.0452 -5 
0.0453 -65 
0.0454 -60.928838 
0.0455 -52.610023 
0.0456 -47.386328 
0.0457 -41.651601 
0.0458 -35.195133 
0.0459 -30.052444 
0.046 -28.132282 
0.0461 -26.338871 
0.0462 -23.66407 
0.0463 -22.314755 
0.0464 -20.188466 
0.0465 -18.800524 
0.0466 -17.09705 
0.0467 -15.351285 
0.0468 -14.693431 
0.0469 -13.80408 
0.047 -13.157543 
0.0471 -12.215254 
0.0472 -11.770678 
0.0473 -11.159959 
0.0474 -10.632652 
0.0475 -10.385101 
0.0476 -9.889152 
0.0477 -8.9918459 
0.0478 -8.7318229 
0.0479 -8.7066695 
0.048 -8.2791376 
0.0481 -7.9222195 
0.0482 -7.7087704 
0.0483 -7.6085107 
0.0484 -6.9799513 
0.0485 -6.3694347 
0.0486 -6.3955653 
0.0487 -5.6941022 
0.0488 -5.2301826 
0.0489 -5.0316395 
0.049 -5.0765518 
0.0491 -4.9872868 
0.0492 -4.7375966 
0.0493 -4.7497534 
0.0494 -4.7330185 
0.0495 -4.6705803 
0.0496 -4.5483315 
0.0497 -4.3956967 
0.0498 -4.3655075 
0.0499 -4.4551189 
0.05 -4.5495661 
0.0501 -4.4330306 
0.0502 -4.5265336 
0.0503 -4.3799996 
0.0504 -4.2597697 
0.0505 -4.0048524 
0.0506 -4.0707675 
0.0507 -4.155258 
0.0508 -4.260282 
0.0509 -4.206838 
0.051 -4.0747298 
0.0511 -4.3409263 
0.0512 -4.3823897 
0.0513 -4.377807 
0.0514 -4.2874868 
0.0515 -4.1106599 
0.0516 -4.0046771 
0.0517 -5 
0.0518 -65 
0.0519 -60.347837 
0.052 -52.831425 
0.0521 -46.382867 
0.0522 -41.101436 
0.0523 -37.508826 
0.0524 -33.81986 
0.0525 -30.708229 
0.0526 -28.43128 
0.0527 -25.649763 
0.0528 -23.008147 
0.0529 -21.585661 
0.053 -20.180723 
0.0531 -17.928086 
0.0532 -17.618028 
0.0533 -15.305085 
0.0534 -14.277676 
0.0535 -12.738187 
0.0536 -12.749335 
0.0537 -11.867582 
0.0538 -10.923973 
0.0539 -10.0667 
0.054 -9.4732367 
0.0541 -8.9590972 
0.0542 -8.5803389 
0.0543 -7.6041344 
0.0544 -7.4248747 
0.0545 -6.9272483 
0.0546 -6.7567708 
0.0547 -6.6472374 
0.0548 -6.4579732 
0.0549 -6.0591015 
0.055 -5.4752018 
0.0551 -5.4120609 
0.0552 -5.4714653 
0.0553 -5.4076924 
0.0554 -4.9999932 
0.0555 -5.0648564 
0.0556 -4.9870532 
0.0557 -4.954338 
0.0558 -4.7713441 
0.0559 -4.8102297 
0.056 -4.8516127 
0.0561 -4.8111753 
0.0562 -4.7994533 
0.0563 -4.7217603 
0.0564 -4.9734249 
0.0565 -4.9713092 
0.0566 -4.7587773 
0.0567 -4.9725507 
0.0568 -5.0324618 
0.0569 -4.7578278 
0.057 -4.7753533 
0.0571 -4.9355492 
0.0572 -4.8029497 
0.0573 -4.7577282 
0.0574 -4.8558238 
0.0575 -4.8786358 
0.0576 -4.9100634 
0.0577 -4.6159697 
0.0578 -4.3717719 
0.0579 -5 
0.058 -65 
0.0581 -58.476735 
0.0582 -50.893087 
0.0583 -46.959869 
0.0584 -46.465848 
0.0585 -40.600377 
0.0586 -34.930828 
0.0587 -30.582852 
0.0588 -29.03804 
0.0589 -25.366259 
0.059 -22.342878 
0.0591 -20.216227 
0.0592 -19.541106 
0.0593 -17.156197 
0.0594 -14.207861 
0.0595 -13.582211 
0.0596 -13.141685 
0.0597 -12.438981 
0.0598 -11.54571 
0.0599 -10.940453 
0.06 -10.39271 
0.0601 -9.6633605 
0.0602 -9.1333089 
0.0603 -8.0936537 
0.0604 -7.2491159 
0.0605 -7.0356786 
0.0606 -6.4525031 
0.0607 -6.3680616 
0.0608 -6.3912252 
0.0609 -6.0079662 
0.061 -5.8639361 
0.0611 -5.3575065 
0.0612 -5.1274839 
0.0613 -4.9765217 
0.0614 -4.7384959 
0.0615 -4.711091 
0.0616 -4.6632236 
0.0617 -4.7894772 
0.0618 -4.7498357 
0.0619 -4.5442962 
0.062 -4.6736986 
0.0621 -4.6565975 
0.0622 -4.7912743 
0.0623 -4.4265822 
0.0624 -4.2224159 
0.0625 -4.1381211 
0.0626 -4.1238626 
0.0627 -4.0708967 
0.0628 -4.0988632 
0.0629 -5 
0.063 -65 
0.0631 -59.001324 
0.0632 -56.606114 
0.0633 -50.58448 
0.0634 -45.937657 
0.0635 -39.059369 
0.0636 -36.604627 
0.0637 -33.730839 
0.0638 -30.850848 
0.0639 -27.940375 
0.064 -26.471541 
0.0641 -24.021647 
0.0642 -22.146313 
0.0643 -21.787076 
0.0644 -19.375275 
0.0645 -18.555893 
0.0646 -17.552639 
0.0647 -15.744678 
0.0648 -13.418184 
0.0649 -13.194932 
0.065 -12.450312 
0.0651 -11.294745 
0.0652 -10.36741 
0.0653 -10.049815 
0.0654 -9.0829518 
0.0655 -8.2627236 
0.0656 -8.1187862 
0.0657 -7.3763086 
0.0658 -6.4182979 
0.0659 -6.330013 
0.066 -5.5994349 
0.0661 -5.5239693 
0.0662 -5.6265644 
0.0663 -5.355571 
0.0664 -5.147182 
0.0665 -5.2023062 
0.0666 -4.9468212 
0.0667 -4.9152721 
0.0668 -4.9676458 
0.0669 -4.8127882 
0.067 -4.6041137 
0.0671 -4.705869 
0.0672 -4.8159467 
0.0673 -4.7933318 
0.0674 -4.5384759 
0.0675 -4.7074371 
0.0676 -4.4629601 
0.0677 -4.3189614 
0.0678 -4.4705769 
0.0679 -4.1516324 
0.068 -4.1058756 
0.0681 -4.0087388 
0.0682 -4.1257319 
0.0683 -4.074224 
0.0684 -5 
0.0685 -65 
0.0686 -57.724978 
0.0687 -50.957579 
0.0688 -48.943375 
0.0689 -45.128581 
0.069 -40.344669 
0.0691 -36.252021 
0.0692 -31.557467 
0.0693 -27.575341 
0.0694 -25.703937 
0.0695 -23.224394 
0.0696 -21.75794 
0.0697 -19.5813 
0.0698 -18.149635 
0.0699 -17.181288 
0.07 -15.67395 
0.0701 -14.712179 
0.0702 -12.946232 
0.0703 -12.503929 
0.0704 -11.446761 
0.0705 -10.684745 
0.0706 -9.6452133 
0.0707 -8.8179434 
0.0708 -7.6629585 
0.0709 -7.1887196 
0.071 -7.0916174 
0.0711 -6.7628471 
0.0712 -6.0643698 
0.0713 -6.0193924 
0.0714 -5.6436533 
0.0715 -5.4368808 
0.0716 -5.2009567 
0.0717 -4.9393286 
0.0718 -4.5937416 
0.0719 -4.4820203 
0.072 -4.3791154 
0.0721 -4.3742037 
0.0722 -4.1961279 
0.0723 -4.1223273 
0.0724 -4.1941599 
0.0725 -4.0229911 
0.0726 -4.0307611 
0.0727 -4.0812082 
0.0728 -4.1022779 
0.0729 -4.1035349 
0.073 -5 
0.0731 -65 
0.0732 -63.694099 
0.0733 -60.096874 
0.0734 -57.12597 
0.0735 -51.988339 
0.0736 -44.591412 
0.0737 -39.891612 
0.0738 -36.080012 
0.0739 -34.085114 
0.074 -30.513887 
0.0741 -28.267294 
0.0742 -26.335614 
0.0743 -23.749359 
0.0744 -20.558587 
0.0745 -18.615356 
0.0746 -17.147728 
0.0747 -15.582523 
0.0748 -13.838263 
0.0749 -12.110032 
0.075 -11.660348 
0.0751 -10.67557 
0.0752 -9.5786306 
0.0753 -9.3012897 
0.0754 -8.2549218 
0.0755 -8.0355732 
0.0756 -7.3719297 
0.0757 -6.8818876 
0.0758 -6.4989337 
0.0759 -5.9323736 
0.076 -5.7182137 
0.0761 -5.6173908 
0.0762 -5.2854781 
0.0763 -5.1494933 
0.0764 -5.1780506 
0.0765 -5.0230129 
0.0766 -4.8115733 
0.0767 -4.7312243 
0.0768 -4.702466 
0.0769 -4.2480255 
0.077 -4.1756087 
0.0771 -4.0795352 
0.0772 -4.1043375 
0.0773 -4.0017291 
0.0774 -5 
0.0775 -65 
0.0776 -60.662318 
0.0777 -56.608542 
0.0778 -52.387681 
0.0779 -47.112233 
0.078 -42.315516 
0.0781 -39.482706 
0.0782 -36.634064 
0.0783 -34.554268 
0.0784 -29.586465 
0.0785 -27.307684 
0.0786 -24.266428 
0.0787 -20.921767 
0.0788 -19.438613 
0.0789 -16.757635 
0.079 -14.929394 
0.0791 -13.213018 
0.0792 -12.058975 
0.0793 -11.291259 
0.0794 -10.221773 
0.0795 -9.4441321 
0.0796 -8.9769251 
0.0797 -8.2424128 
0.0798 -8.1673468 
0.0799 -7.8589822 
0.08 -7.56874 
0.0801 -7.1346129 
0.0802 -7.0605194 
0.0803 -6.7807906 
0.0804 -6.5077376 
0.0805 -6.4508286 
0.0806 -5.9232051 
0.0807 -5.8410517 
0.0808 -5.6918938 
0.0809 -5.5846744 
0.081 -5.3226304 
0.0811 -5.1682781 
0.0812 -5.143373 
0.0813 -5.0963972 
0.0814 -5.1159541 
0.0815 -5.0628461 
0.0816 -4.6672896 
0.0817 -4.9708756 
0.0818 -5.0113523 
0.0819 -4.8172399 
0.082 -4.618139 
0.0821 -4.5509523 
0.0822 -4.538344 
0.0823 -4.6520606 
0.0824 -4.5277755 
0.0825 -4.2831758 
0.0826 -4.2362805 
0.0827 -4.1047908 
0.0828 -4.0822191 
0.0829 -4.1705486 
0.083 -4.0949241 
0.0831 -5 
0.0832 -65 
0.0833 -60.877676 
0.0834 -54.932588 
0.0835 -51.273753 
0.0836 -46.972054 
0.0837 -43.428283 
0.0838 -36.176785 
0.0839 -32.249609 
0.084 -30.360124 
0.0841 -28.045309 
0.0842 -25.642044 
0.0843 -23.128484 
0.0844 -21.671816 
0.0845 -19.883223 
0.0846 -17.605314 
0.0847 -16.672475 
0.0848 -14.799673 
0.0849 -13.992126 
0.085 -13.754061 
0.0851 -12.572746 
0.0852 -11.485362 
0.0853 -10.451816 
0.0854 -9.9135214 
0.0855 -9.2520717 
0.0856 -9.096749 
0.0857 -8.3213793 
0.0858 -8.4636977 
0.0859 -7.7590889 
0.086 -7.8342531 
0.0861 -7.8306009 
0.0862 -7.6188925 
0.0863 -6.8420416 
0.0864 -6.2522142 
0.0865 -6.1028177 
0.0866 -6.0925337 
0.0867 -5.905541 
0.0868 -5.5882165 
0.0869 -5.1355596 
0.087 -5.2919719 
0.0871 -4.6708411 
0.0872 -4.788184 
0.0873 -4.6059265 
0.0874 -4.6607941 
0.0875 -4.4596493 
0.0876 -4.618671 
0.0877 -4.3327034 
0.0878 -4.2503025 
0.0879 -4.4440677 
0.088 -4.3216018 
0.0881 -4.2881534 
0.0882 -4.2139464 
0.0883 -4.1103614 
0.0884 -4.0573033 
0.0885 -5 
0.0886 -65 
0.0887 -59.750323 
0.0888 -53.774495 
0.0889 -49.188321 
0.089 -44.009649 
0.0891 -39.689555 
0.0892 -34.727005 
0.0893 -31.210356 
0.0894 -28.970785 
0.0895 -25.170213 
0.0896 -22.918825 
0.0897 -21.892606 
0.0898 -19.613959 
0.0899 -17.929399 
0.09 -16.13167 
0.0901 -15.831722 
0.0902 -14.417756 
0.0903 -13.093785 
0.0904 -11.421386 
0.0905 -10.386477 
0.0906 -10.003209 
0.0907 -8.8657844 
0.0908 -8.7521024 
0.0909 -8.1005634 
0.091 -7.6906824 
0.0911 -7.5569511 
0.0912 -6.4996966 
0.0913 -6.2693506 
0.0914 -5.9466093 
0.0915 -5.797796 
0.0916 -5.5113124 
0.0917 -5.2778744 
0.0918 -4.8962003 
0.0919 -4.6438563 
0.092 -4.6694671 
0.0921 -4.4064997 
0.0922 -4.3437524 
0.0923 -4.2689696 
0.0924 -4.3524707 
0.0925 -4.2850595 
0.0926 -4.1789776 
0.0927 -4.0343089 
0.0928 -4.0090686 
0.0929 -5 
0.093 -65 
0.0931 -57.765145 
0.0932 -53.625464 
0.0933 -47.779722 
0.0934 -43.725223 
0.0935 -41.59522 
0.0936 -36.137748 
0.0937 -33.943676 
0.0938 -30.556713 
0.0939 -28.339443 
0.094 -24.215748 
0.0941 -20.886875 
0.0942 -18.783855 
0.0943 -17.373805 
0.0944 -15.787416 
0.0945 -14.3679 
0.0946 -13.562166 
0.0947 -12.366681 
0.0948 -11.231878 
0.0949 -11.326428 
0.095 -10.863633 
0.0951 -10.179006 
0.0952 -9.2653625 
0.0953 -8.54173 
0.0954 -7.9179174 
0.0955 -7.2730859 
0.0956 -6.6093718 
0.0957 -6.1107884 
0.0958 -6.1948131 
0.0959 -5.9403745 
0.096 -6.0286542 
0.0961 -5.8797192 
0.0962 -5.5979726 
0.0963 -5.5988381 
0.0964 -5.5153915 
0.0965 -5.4311889 
0.0966 -5.1519083 
0.0967 -5.0400505 
0.0968 -4.9818968 
0.0969 -4.9822505 
0.097 -4.8318288 
0.0971 -4.9105082 
0.0972 -4.7881509 
0.0973 -4.7137142 
0.0974 -4.9060536 
0.0975 -4.8148286 
0.0976 -4.7130543 
0.0977 -4.5331487 
0.0978 -4.4620258 
0.0979 -4.3956104 
0.098 -4.0235895 
0.0981 -4.0062973 
0.0982 -5 
0.0983 -65 
0.0984 -57.723669 
0.0985 -53.924742 
0.0986 -50.041658 
0.0987 -44.091129 
0.0988 -39.300331 
0.0989 -34.623355 
0.099 -30.260787 
0.0991 -26.240429 
0.0992 -24.113675 
0.0993 -21.980968 
0.0994 -18.447912 
0.0995 -17.215331 
0.0996 -15.960793 
0.0997 -15.340988 
0.0998 -14.070988 
0.0999 -12.948487 


